0    1.5   -1
0.1    1.4   -1.01481
0.2    1.29852   -1.02939
0.3    1.19558   -1.04303
0.4    1.09128   -1.05447
0.5    0.98583   -1.06149
0.6    0.87968   -1.06001
0.7    0.773679   -1.04234
0.8    0.669445   -0.99347
0.9    0.570098   -0.88329
1    0.481769   -0.651272
1.1    0.416642   -0.187817
1.2    0.39786   0.618764
1.3    0.459736   1.57487
1.4    0.617223   2.13088
1.5    0.830311   2.29367
1.6    1.05968   2.32331
1.7    1.29201   2.31829
1.8    1.52384   2.30476
1.9    1.75431   2.28995
2    1.98331   2.27598
2.1    2.21091   2.26338
2.2    2.43724   2.25217
2.3    2.66246   2.24224
2.4    2.88669   2.23344
2.5    3.11003   2.22559
2.6    3.33259   2.21858
2.7    3.55445   2.21228
2.8    3.77567   2.20659
2.9    3.99633   2.20143
3    4.21648   2.19674
3.1    4.43615   2.19245
3.2    4.65539   2.18851
3.3    4.87425   2.18489
3.4    5.09273   2.18154
3.5    5.31089   2.17844
3.6    5.52873   2.17556
3.7    5.74629   2.17288
3.8    5.96358   2.17038
3.9    6.18062   2.16804
4    6.39742   2.16585
4.1    6.614   2.16379
4.2    6.83038   2.16185
4.3    7.04657   2.16002
4.4    7.26257   2.15829
4.5    7.4784   2.15665
4.6    7.69406   2.15511
4.7    7.90957   2.15364
4.8    8.12494   2.15224
4.9    8.34016   2.15091
5    8.55525   2.14965
5.1    8.77022   2.14844
5.2    8.98506   2.14729
5.3    9.19979   2.14619
5.4    9.41441   2.14513
5.5    9.62892   2.14412
5.6    9.84334   2.14316
5.7    10.0577   2.14223
5.8    10.2719   2.14134
5.9    10.486   2.14049
6    10.7001   2.13966
6.1    10.914   2.13887
6.2    11.1279   2.13811
6.3    11.3417   2.13737
6.4    11.5555   2.13666
6.5    11.7691   2.13598
6.6    11.9827   2.13532
6.7    12.1963   2.13468
6.8    12.4097   2.13406
6.9    12.6231   2.13347
7    12.8365   2.13289
7.1    13.0498   2.13233
7.2    13.263   2.13179
7.3    13.4762   2.13126
7.4    13.6893   2.13075
7.5    13.9024   2.13026
7.6    14.1154   2.12978
7.7    14.3284   2.12931
7.79999    14.5413   2.12886
7.89999    14.7542   2.12842
7.99999    14.967   2.12799
8.09999    15.1798   2.12757
8.2    15.3926   2.12717
8.3    15.6053   2.12677
8.4    15.818   2.12639
8.5    16.0306   2.12601
8.6    16.2432   2.12565
8.7    16.4558   2.12529
8.8    16.6683   2.12495
8.9    16.8808   2.12461
9    17.0933   2.12428
9.1    17.3057   2.12396
9.2    17.5181   2.12364
9.3    17.7305   2.12333
9.4    17.9428   2.12303
9.5    18.1551   2.12274
9.6    18.3674   2.12245
9.7    18.5796   2.12217
9.8    18.7918   2.1219
9.9    19.004   2.12163
10    19.2162   2.12137
10.1    19.4283   2.12111
10.2    19.6404   2.12086
10.3    19.8525   2.12061
10.4    20.0646   2.12037
10.5    20.2766   2.12014
10.6    20.4886   2.11991
10.7    20.7006   2.11968
10.8    20.9126   2.11946
10.9    21.1245   2.11924
11    21.3365   2.11903
11.1    21.5484   2.11882
11.2    21.7603   2.11861
11.3    21.9721   2.11841
11.4    22.184   2.11821
11.5    22.3958   2.11802
11.6    22.6076   2.11783
11.7    22.8194   2.11764
11.8    23.0311   2.11746
11.9    23.2429   2.11728
12    23.4546   2.1171
12.1    23.6663   2.11693
12.2    23.878   2.11676
12.3    24.0897   2.11659
12.4    24.3013   2.11642
12.5    24.513   2.11626
12.6    24.7246   2.1161
12.7    24.9362   2.11594
12.8    25.1478   2.11579
12.9    25.3594   2.11564
13    25.5709   2.11549
13.1    25.7825   2.11534
13.2    25.994   2.1152
13.3    26.2055   2.11505
13.4    26.4171   2.11491
13.5    26.6285   2.11478
13.6    26.84   2.11464
13.7    27.0515   2.11451
13.8    27.2629   2.11438
13.9    27.4744   2.11425
14    27.6858   2.11412
14.1    27.8972   2.11399
14.2    28.1086   2.11387
14.3    28.32   2.11375
14.4    28.5314   2.11363
14.5    28.7427   2.11351
14.6    28.9541   2.11339
14.7    29.1654   2.11328
14.8    29.3768   2.11316
14.9    29.5881   2.11305
15    29.7994   2.11294
15.1    30.0107   2.11283
15.2    30.222   2.11272
15.3    30.4332   2.11262
15.4    30.6445   2.11251
15.5    30.8557   2.11241
15.6    31.067   2.11231
15.7    31.2782   2.11221
15.8    31.4894   2.11211
15.9    31.7006   2.11201
16    31.9118   2.11192
16.1    32.123   2.11182
16.2    32.3342   2.11173
16.3    32.5454   2.11163
16.4    32.7566   2.11154
16.5    32.9677   2.11145
16.6    33.1789   2.11136
16.7    33.39   2.11127
16.8    33.6011   2.11119
16.9    33.8122   2.1111
17    34.0233   2.11102
17.1    34.2345   2.11093
17.2    34.4455   2.11085
17.3    34.6566   2.11077
17.4    34.8677   2.11069
17.5    35.0788   2.11061
17.6    35.2898   2.11053
17.7    35.5009   2.11045
17.8    35.7119   2.11037
17.9    35.923   2.1103
18    36.134   2.11022
18.1    36.345   2.11015
18.2    36.556   2.11007
18.3    36.767   2.11
18.4    36.978   2.10993
18.5    37.189   2.10986
18.6    37.4   2.10979
18.7    37.611   2.10972
18.8    37.822   2.10965
18.9    38.0329   2.10958
19    38.2439   2.10951
19.1    38.4548   2.10945
19.2    38.6658   2.10938
19.3    38.8767   2.10932
19.4    39.0877   2.10925
19.5    39.2986   2.10919
19.6    39.5095   2.10913
19.7    39.7204   2.10906
19.8    39.9313   2.109
19.9    40.1422   2.10894
20    40.3531   2.10888
20.1    40.564   2.10882
20.2    40.7749   2.10876
20.3    40.9858   2.1087
20.4    41.1966   2.10864
20.5    41.4075   2.10859
20.6    41.6184   2.10853
20.7    41.8292   2.10847
20.8    42.0401   2.10842
20.9    42.2509   2.10836
21    42.4617   2.10831
21.1    42.6726   2.10825
21.2    42.8834   2.1082
21.3    43.0942   2.10815
21.4    43.305   2.10809
21.5    43.5158   2.10804
21.6    43.7266   2.10799
21.7    43.9374   2.10794
21.8    44.1482   2.10789
21.9    44.359   2.10784
22    44.5698   2.10779
22.1    44.7806   2.10774
22.2    44.9913   2.10769
22.3    45.2021   2.10764
22.4    45.4129   2.10759
22.5    45.6236   2.10755
22.6    45.8344   2.1075
22.7001    46.0451   2.10745
22.8001    46.2559   2.10741
22.9001    46.4666   2.10736
23.0001    46.6774   2.10732
23.1001    46.8881   2.10727
23.2001    47.0988   2.10723
23.3001    47.3096   2.10718
23.4001    47.5203   2.10714
23.5001    47.731   2.1071
23.6001    47.9417   2.10705
23.7001    48.1524   2.10701
23.8001    48.3631   2.10697
23.9001    48.5738   2.10693
24.0001    48.7845   2.10688
24.1001    48.9952   2.10684
24.2001    49.2059   2.1068
24.3001    49.4165   2.10676
24.4001    49.6272   2.10672
24.5001    49.8379   2.10668
24.6001    50.0486   2.10664
24.7001    50.2592   2.1066
24.8001    50.4699   2.10657
24.9001    50.6805   2.10653
25.0001    50.8912   2.10649
25.1001    51.1018   2.10645
25.2001    51.3125   2.10641
25.3001    51.5231   2.10638
25.4001    51.7338   2.10634
25.5001    51.9444   2.1063
25.6001    52.155   2.10627
25.7001    52.3656   2.10623
25.8001    52.5763   2.10619
25.9001    52.7869   2.10616
26.0001    52.9975   2.10612
26.1001    53.2081   2.10609
26.2001    53.4187   2.10605
26.3001    53.6293   2.10602
26.4001    53.8399   2.10599
26.5001    54.0505   2.10595
26.6001    54.2611   2.10592
26.7001    54.4717   2.10588
26.8001    54.6823   2.10585
26.9001    54.8929   2.10582
27.0001    55.1035   2.10579
27.1001    55.3141   2.10575
27.2001    55.5246   2.10572
27.3001    55.7352   2.10569
27.4001    55.9458   2.10566
27.5001    56.1563   2.10563
27.6001    56.3669   2.1056
27.7001    56.5775   2.10556
27.8001    56.788   2.10553
27.9001    56.9986   2.1055
28.0001    57.2091   2.10547
28.1001    57.4197   2.10544
28.2001    57.6302   2.10541
28.3001    57.8408   2.10538
28.4001    58.0513   2.10535
28.5001    58.2618   2.10532
28.6001    58.4724   2.1053
28.7001    58.6829   2.10527
28.8001    58.8934   2.10524
28.9001    59.1039   2.10521
29.0001    59.3145   2.10518
29.1001    59.525   2.10515
29.2001    59.7355   2.10513
29.3001    59.946   2.1051
29.4001    60.1565   2.10507
29.5001    60.367   2.10504
29.6001    60.5775   2.10502
29.7001    60.788   2.10499
29.8001    60.9985   2.10496
29.9001    61.209   2.10494
30.0001    61.4195   2.10491
30.1001    61.63   2.10489
30.2001    61.8405   2.10486
30.3001    62.051   2.10483
30.4001    62.2615   2.10481
30.5001    62.472   2.10478
30.6001    62.6824   2.10476
30.7001    62.8929   2.10473
30.8001    63.1034   2.10471
30.9001    63.3139   2.10468
31.0001    63.5243   2.10466
31.1001    63.7348   2.10463
31.2001    63.9452   2.10461
31.3001    64.1557   2.10459
31.4001    64.3662   2.10456
31.5001    64.5766   2.10454
31.6001    64.7871   2.10451
31.7001    64.9975   2.10449
31.8001    65.208   2.10447
31.9001    65.4184   2.10444
32.0001    65.6289   2.10442
32.1001    65.8393   2.1044
32.2001    66.0498   2.10438
32.3001    66.2602   2.10435
32.4001    66.4706   2.10433
32.5001    66.6811   2.10431
32.6001    66.8915   2.10429
32.7001    67.1019   2.10426
32.8001    67.3123   2.10424
32.9001    67.5228   2.10422
33.0001    67.7332   2.1042
33.1001    67.9436   2.10418
33.2001    68.154   2.10416
33.3001    68.3644   2.10413
33.4001    68.5749   2.10411
33.5001    68.7853   2.10409
33.6001    68.9957   2.10407
33.7001    69.2061   2.10405
33.8001    69.4165   2.10403
33.9001    69.6269   2.10401
34.0001    69.8373   2.10399
34.1001    70.0477   2.10397
34.2001    70.2581   2.10395
34.3    70.4685   2.10393
34.4    70.6789   2.10391
34.5    70.8893   2.10389
34.6    71.0996   2.10387
34.7    71.31   2.10385
34.8    71.5204   2.10383
34.9    71.7308   2.10381
35    71.9412   2.10379
35.1    72.1516   2.10377
35.2    72.3619   2.10376
35.3    72.5723   2.10374
35.4    72.7827   2.10372
35.5    72.9931   2.1037
35.6    73.2034   2.10368
35.7    73.4138   2.10366
35.8    73.6242   2.10364
35.9    73.8345   2.10363
36    74.0449   2.10361
36.1    74.2553   2.10359
36.2    74.4656   2.10357
36.3    74.676   2.10355
36.4    74.8863   2.10354
36.5    75.0967   2.10352
36.6    75.307   2.1035
36.7    75.5174   2.10348
36.8    75.7277   2.10347
36.9    75.9381   2.10345
37    76.1484   2.10343
37.1    76.3588   2.10342
37.2    76.5691   2.1034
37.3    76.7794   2.10338
37.4    76.9898   2.10336
37.5    77.2001   2.10335
37.6    77.4105   2.10333
37.7    77.6208   2.10331
37.8    77.8311   2.1033
37.9    78.0415   2.10328
38    78.2518   2.10327
38.1    78.4621   2.10325
38.2    78.6724   2.10323
38.3    78.8828   2.10322
38.4    79.0931   2.1032
38.5    79.3034   2.10319
38.6    79.5137   2.10317
38.7    79.724   2.10315
38.8    79.9343   2.10314
38.9    80.1447   2.10312
39    80.355   2.10311
39.1    80.5653   2.10309
39.2    80.7756   2.10308
39.3    80.9859   2.10306
39.4    81.1962   2.10305
39.5    81.4065   2.10303
39.6    81.6168   2.10302
39.7    81.8271   2.103
39.8    82.0374   2.10299
39.9    82.2477   2.10297
40    82.458   2.10296
40.1    82.6683   2.10294
40.2    82.8786   2.10293
40.3    83.0889   2.10292
40.4    83.2992   2.1029
40.5    83.5095   2.10289
40.6    83.7198   2.10287
40.7    83.9301   2.10286
40.7999    84.1403   2.10284
40.8999    84.3506   2.10283
40.9999    84.5609   2.10282
41.0999    84.7712   2.1028
41.1999    84.9815   2.10279
41.2999    85.1917   2.10278
41.3999    85.402   2.10276
41.4999    85.6123   2.10275
41.5999    85.8226   2.10273
41.6999    86.0328   2.10272
41.7999    86.2431   2.10271
41.8999    86.4534   2.10269
41.9999    86.6637   2.10268
42.0999    86.8739   2.10267
42.1999    87.0842   2.10266
42.2999    87.2945   2.10264
42.3999    87.5047   2.10263
42.4999    87.715   2.10262
42.5999    87.9252   2.1026
42.6999    88.1355   2.10259
42.7999    88.3458   2.10258
42.8999    88.556   2.10257
42.9999    88.7663   2.10255
43.0999    88.9765   2.10254
43.1999    89.1868   2.10253
43.2999    89.397   2.10252
43.3999    89.6073   2.1025
43.4999    89.8175   2.10249
43.5999    90.0278   2.10248
43.6999    90.238   2.10247
43.7999    90.4483   2.10245
43.8999    90.6585   2.10244
43.9999    90.8688   2.10243
44.0999    91.079   2.10242
44.1999    91.2893   2.10241
44.2999    91.4995   2.10239
44.3999    91.7097   2.10238
44.4999    91.92   2.10237
44.5999    92.1302   2.10236
44.6999    92.3405   2.10235
44.7999    92.5507   2.10234
44.8999    92.7609   2.10232
44.9999    92.9712   2.10231
45.0999    93.1814   2.1023
45.1999    93.3916   2.10229
45.2999    93.6018   2.10228
45.3999    93.8121   2.10227
45.4999    94.0223   2.10226
45.5999    94.2325   2.10224
45.6999    94.4428   2.10223
45.7999    94.653   2.10222
45.8999    94.8632   2.10221
45.9999    95.0734   2.1022
46.0999    95.2836   2.10219
46.1999    95.4939   2.10218
46.2999    95.7041   2.10217
46.3999    95.9143   2.10216
46.4999    96.1245   2.10215
46.5999    96.3347   2.10214
46.6999    96.5449   2.10212
46.7999    96.7551   2.10211
46.8999    96.9654   2.1021
46.9999    97.1756   2.10209
47.0999    97.3858   2.10208
47.1999    97.596   2.10207
47.2999    97.8062   2.10206
47.3998    98.0164   2.10205
47.4998    98.2266   2.10204
47.5998    98.4368   2.10203
47.6998    98.647   2.10202
47.7998    98.8572   2.10201
47.8998    99.0674   2.102
47.9998    99.2776   2.10199
48.0998    99.4878   2.10198
48.1998    99.698   2.10197
48.2998    99.9082   2.10196
48.3998    100.118   2.10195
48.4998    100.329   2.10194
48.5998    100.539   2.10193
48.6998    100.749   2.10192
48.7998    100.959   2.10191
48.8998    101.169   2.1019
48.9998    101.38   2.10189
49.0998    101.59   2.10188
49.1998    101.8   2.10187
49.2998    102.01   2.10186
49.3998    102.22   2.10185
49.4998    102.431   2.10184
49.5998    102.641   2.10183
49.6998    102.851   2.10182
49.7998    103.061   2.10182
49.8998    103.271   2.10181
49.9998    103.481   2.1018
50.0998    103.692   2.10179
50.1998    103.902   2.10178
50.2998    104.112   2.10177
50.3998    104.322   2.10176
50.4998    104.532   2.10175
50.5998    104.742   2.10174
50.6998    104.953   2.10173
50.7998    105.163   2.10172
50.8998    105.373   2.10172
50.9998    105.583   2.10171
51.0998    105.793   2.1017
51.1998    106.004   2.10169
51.2998    106.214   2.10168
51.3998    106.424   2.10167
51.4998    106.634   2.10166
51.5998    106.844   2.10165
51.6998    107.054   2.10164
51.7998    107.265   2.10164
51.8998    107.475   2.10163
51.9998    107.685   2.10162
52.0998    107.895   2.10161
52.1998    108.105   2.1016
52.2998    108.315   2.10159
52.3998    108.525   2.10158
52.4998    108.736   2.10158
52.5998    108.946   2.10157
52.6998    109.156   2.10156
52.7998    109.366   2.10155
52.8998    109.576   2.10154
52.9998    109.786   2.10153
53.0998    109.997   2.10153
53.1998    110.207   2.10152
53.2998    110.417   2.10151
53.3998    110.627   2.1015
53.4998    110.837   2.10149
53.5998    111.047   2.10149
53.6998    111.257   2.10148
53.7998    111.468   2.10147
53.8997    111.678   2.10146
53.9997    111.888   2.10145
54.0997    112.098   2.10145
54.1997    112.308   2.10144
54.2997    112.518   2.10143
54.3997    112.728   2.10142
54.4997    112.939   2.10141
54.5997    113.149   2.10141
54.6997    113.359   2.1014
54.7997    113.569   2.10139
54.8997    113.779   2.10138
54.9997    113.989   2.10138
55.0997    114.199   2.10137
55.1997    114.41   2.10136
55.2997    114.62   2.10135
55.3997    114.83   2.10135
55.4997    115.04   2.10134
55.5997    115.25   2.10133
55.6997    115.46   2.10132
55.7997    115.67   2.10132
55.8997    115.881   2.10131
55.9997    116.091   2.1013
56.0997    116.301   2.10129
56.1997    116.511   2.10129
56.2997    116.721   2.10128
56.3997    116.931   2.10127
56.4997    117.141   2.10126
56.5997    117.351   2.10126
56.6997    117.562   2.10125
56.7997    117.772   2.10124
56.8997    117.982   2.10124
56.9997    118.192   2.10123
57.0997    118.402   2.10122
57.1997    118.612   2.10121
57.2997    118.822   2.10121
57.3997    119.032   2.1012
57.4997    119.243   2.10119
57.5997    119.453   2.10119
57.6997    119.663   2.10118
57.7997    119.873   2.10117
57.8997    120.083   2.10117
57.9997    120.293   2.10116
58.0997    120.503   2.10115
58.1997    120.713   2.10115
58.2997    120.923   2.10114
58.3997    121.134   2.10113
58.4997    121.344   2.10113
58.5997    121.554   2.10112
58.6997    121.764   2.10111
58.7997    121.974   2.1011
58.8997    122.184   2.1011
58.9997    122.394   2.10109
59.0997    122.604   2.10108
59.1997    122.814   2.10108
59.2997    123.025   2.10107
59.3997    123.235   2.10107
59.4997    123.445   2.10106
59.5997    123.655   2.10105
59.6997    123.865   2.10105
59.7997    124.075   2.10104
59.8997    124.285   2.10103
59.9997    124.495   2.10103
60.0997    124.705   2.10102
60.1997    124.916   2.10101
60.2997    125.126   2.10101
60.3997    125.336   2.101
60.4996    125.546   2.10099
60.5996    125.756   2.10099
60.6996    125.966   2.10098
60.7996    126.176   2.10098
60.8996    126.386   2.10097
60.9996    126.596   2.10096
61.0996    126.806   2.10096
61.1996    127.017   2.10095
61.2996    127.227   2.10094
61.3996    127.437   2.10094
61.4996    127.647   2.10093
61.5996    127.857   2.10093
61.6996    128.067   2.10092
61.7996    128.277   2.10091
61.8996    128.487   2.10091
61.9996    128.697   2.1009
62.0996    128.907   2.1009
62.1996    129.117   2.10089
62.2996    129.328   2.10088
62.3996    129.538   2.10088
62.4996    129.748   2.10087
62.5996    129.958   2.10087
62.6996    130.168   2.10086
62.7996    130.378   2.10085
62.8996    130.588   2.10085
62.9996    130.798   2.10084
63.0996    131.008   2.10084
63.1996    131.218   2.10083
63.2996    131.428   2.10083
63.3996    131.638   2.10082
63.4996    131.849   2.10081
63.5996    132.059   2.10081
63.6996    132.269   2.1008
63.7996    132.479   2.1008
63.8996    132.689   2.10079
63.9996    132.899   2.10079
64.0996    133.109   2.10078
64.1996    133.319   2.10078
64.2996    133.529   2.10077
64.3996    133.739   2.10076
64.4996    133.949   2.10076
64.5996    134.159   2.10075
64.6996    134.37   2.10075
64.7996    134.58   2.10074
64.8996    134.79   2.10074
64.9996    135   2.10073
65.0996    135.21   2.10073
65.1996    135.42   2.10072
65.2996    135.63   2.10071
65.3996    135.84   2.10071
65.4996    136.05   2.1007
65.5996    136.26   2.1007
65.6996    136.47   2.10069
65.7996    136.68   2.10069
65.8996    136.89   2.10068
65.9996    137.1   2.10068
66.0996    137.31   2.10067
66.1996    137.521   2.10067
66.2996    137.731   2.10066
66.3996    137.941   2.10066
66.4996    138.151   2.10065
66.5996    138.361   2.10065
66.6996    138.571   2.10064
66.7996    138.781   2.10064
66.8996    138.991   2.10063
66.9995    139.201   2.10063
67.0995    139.411   2.10062
67.1995    139.621   2.10062
67.2995    139.831   2.10061
67.3995    140.041   2.10061
67.4995    140.251   2.1006
67.5995    140.461   2.10059
67.6995    140.672   2.10059
67.7995    140.882   2.10058
67.8995    141.092   2.10058
67.9995    141.302   2.10057
68.0995    141.512   2.10057
68.1995    141.722   2.10056
68.2995    141.932   2.10056
68.3995    142.142   2.10055
68.4995    142.352   2.10055
68.5995    142.562   2.10054
68.6995    142.772   2.10054
68.7995    142.982   2.10054
68.8995    143.192   2.10053
68.9995    143.402   2.10053
69.0995    143.612   2.10052
69.1995    143.822   2.10052
69.2995    144.032   2.10051
69.3995    144.242   2.10051
69.4995    144.452   2.1005
69.5995    144.663   2.1005
69.6995    144.873   2.10049
69.7995    145.083   2.10049
69.8995    145.293   2.10048
69.9995    145.503   2.10048
70.0995    145.713   2.10047
70.1995    145.923   2.10047
70.2995    146.133   2.10046
70.3995    146.343   2.10046
70.4995    146.553   2.10045
70.5995    146.763   2.10045
70.6995    146.973   2.10045
70.7995    147.183   2.10044
70.8995    147.393   2.10044
70.9995    147.603   2.10043
71.0995    147.813   2.10043
71.1995    148.023   2.10042
71.2995    148.233   2.10042
71.3995    148.443   2.10041
71.4995    148.653   2.10041
71.5995    148.863   2.1004
71.6995    149.073   2.1004
71.7995    149.283   2.1004
71.8995    149.494   2.10039
71.9995    149.704   2.10039
72.0995    149.914   2.10038
72.1995    150.124   2.10038
72.2995    150.334   2.10037
72.3995    150.544   2.10037
72.4995    150.754   2.10036
72.5995    150.964   2.10036
72.6995    151.174   2.10036
72.7995    151.384   2.10035
72.8995    151.594   2.10035
72.9995    151.804   2.10034
73.0995    152.014   2.10034
73.1995    152.224   2.10033
73.2995    152.434   2.10033
73.3995    152.644   2.10033
73.4995    152.854   2.10032
73.5994    153.064   2.10032
73.6994    153.274   2.10031
73.7994    153.484   2.10031
73.8994    153.694   2.1003
73.9994    153.904   2.1003
74.0994    154.114   2.1003
74.1994    154.324   2.10029
74.2994    154.534   2.10029
74.3994    154.744   2.10028
74.4994    154.954   2.10028
74.5994    155.164   2.10028
74.6994    155.374   2.10027
74.7994    155.585   2.10027
74.8994    155.795   2.10026
74.9994    156.005   2.10026
75.0994    156.215   2.10026
75.1994    156.425   2.10025
75.2994    156.635   2.10025
75.3994    156.845   2.10024
75.4994    157.055   2.10024
75.5994    157.265   2.10023
75.6994    157.475   2.10023
75.7994    157.685   2.10023
75.8994    157.895   2.10022
75.9994    158.105   2.10022
76.0994    158.315   2.10021
76.1994    158.525   2.10021
76.2994    158.735   2.10021
76.3994    158.945   2.1002
76.4994    159.155   2.1002
76.5994    159.365   2.10019
76.6994    159.575   2.10019
76.7994    159.785   2.10019
76.8994    159.995   2.10018
76.9994    160.205   2.10018
77.0994    160.415   2.10018
77.1994    160.625   2.10017
77.2994    160.835   2.10017
77.3994    161.045   2.10016
77.4994    161.255   2.10016
77.5994    161.465   2.10016
77.6994    161.675   2.10015
77.7994    161.885   2.10015
77.8994    162.095   2.10015
77.9994    162.305   2.10014
78.0994    162.515   2.10014
78.1994    162.725   2.10013
78.2994    162.935   2.10013
78.3994    163.145   2.10013
78.4994    163.355   2.10012
78.5994    163.565   2.10012
78.6994    163.775   2.10011
78.7994    163.985   2.10011
78.8994    164.195   2.10011
78.9994    164.405   2.1001
79.0994    164.615   2.1001
79.1994    164.825   2.1001
79.2994    165.035   2.10009
79.3994    165.245   2.10009
79.4994    165.455   2.10009
79.5994    165.665   2.10008
79.6994    165.875   2.10008
79.7994    166.085   2.10008
79.8994    166.295   2.10007
79.9994    166.505   2.10007
