0    1.5   -1
0.1    1.39926   -1.01474
0.2    1.29707   -1.02891
0.3    1.19353   -1.04155
0.4    1.08887   -1.05093
0.5    0.983552   -1.05396
0.6    0.878471   -1.04497
0.7    0.775297   -1.01347
0.8    0.677155   -0.94013
0.9    0.589755   -0.792071
1    0.522717   -0.526901
1.1    0.48888   -0.133651
1.2    0.497547   0.301506
1.3    0.546092   0.647961
1.4    0.622605   0.862075
1.5    0.715141   0.975633
1.6    0.815754   1.02932
1.7    0.919926   1.0502
1.8    1.02522   1.05352
1.9    1.13032   1.04748
2    1.23455   1.03654
2.1    1.33755   1.02314
2.2    1.43914   1.00866
2.3    1.53927   0.993863
2.4    1.63792   0.979192
2.5    1.73512   0.964886
2.6    1.83092   0.951076
2.7    1.92536   0.937823
2.8    2.0185   0.925148
2.9    2.1104   0.913051
3    2.20113   0.901514
3.1    2.29073   0.890516
3.2    2.37925   0.880029
3.3    2.46675   0.870026
3.4    2.55327   0.860476
3.5    2.63886   0.851353
3.6    2.72355   0.842631
3.7    2.8074   0.834283
3.8    2.89042   0.826286
3.9    2.97266   0.818619
4    3.05416   0.81126
4.1    3.13493   0.804192
4.2    3.215   0.797396
4.3    3.29441   0.790856
4.4    3.37318   0.784557
4.5    3.45133   0.778485
4.6    3.52889   0.772627
4.7    3.60586   0.766972
4.8    3.68229   0.761508
4.9    3.75817   0.756224
5    3.83354   0.751112
5.1    3.9084   0.746162
5.2    3.98277   0.741366
5.3    4.05668   0.736717
5.4    4.13012   0.732207
5.5    4.20312   0.727829
5.6    4.27569   0.723577
5.7    4.34784   0.719446
5.8    4.41959   0.715429
5.9    4.49093   0.711522
6    4.56189   0.707719
6.1    4.63248   0.704016
6.2    4.7027   0.70041
6.3    4.77256   0.696895
6.4    4.84208   0.693468
6.5    4.91126   0.690125
6.6    4.98011   0.686863
6.7    5.04864   0.683679
6.8    5.11685   0.68057
6.9    5.18475   0.677532
7    5.25236   0.674564
7.1    5.31967   0.671662
7.2    5.38669   0.668824
7.3    5.45343   0.666048
7.4    5.5199   0.663332
7.5    5.5861   0.660673
7.6    5.65204   0.658069
7.7    5.71772   0.655519
7.79999    5.78314   0.653021
7.89999    5.84832   0.650572
7.99999    5.91326   0.648173
8.09999    5.97796   0.645819
8.2    6.04243   0.643512
8.3    6.10666   0.641248
8.4    6.17068   0.639026
8.5    6.23447   0.636846
8.6    6.29805   0.634706
8.7    6.36141   0.632604
8.8    6.42457   0.63054
8.9    6.48752   0.628512
9    6.55027   0.62652
9.1    6.61283   0.624562
9.2    6.67519   0.622638
9.3    6.73736   0.620746
9.4    6.79934   0.618885
9.5    6.86113   0.617056
9.6    6.92275   0.615256
9.7    6.98419   0.613485
9.8    7.04545   0.611742
9.9    7.10653   0.610027
10    7.16745   0.608339
10.1    7.2282   0.606677
10.2    7.28879   0.605041
10.3    7.34921   0.603429
10.4    7.40948   0.601841
10.5    7.46958   0.600277
10.6    7.52953   0.598737
10.7    7.58933   0.597218
10.8    7.64898   0.595721
10.9    7.70847   0.594246
11    7.76783   0.592792
11.1    7.82703   0.591358
11.2    7.8861   0.589944
11.3    7.94502   0.58855
11.4    8.00381   0.587175
11.5    8.06246   0.585818
11.6    8.12097   0.584479
11.7    8.17936   0.583159
11.8    8.23761   0.581855
11.9    8.29573   0.580569
12    8.35372   0.579299
12.1    8.41159   0.578046
12.2    8.46933   0.576809
12.3    8.52695   0.575587
12.4    8.58445   0.57438
12.5    8.64183   0.573189
12.6    8.69909   0.572012
12.7    8.75623   0.57085
12.8    8.81326   0.569701
12.9    8.87017   0.568567
13    8.92697   0.567446
13.1    8.98366   0.566338
13.2    9.04024   0.565243
13.3    9.09671   0.564162
13.4    9.15307   0.563092
13.5    9.20933   0.562035
13.6    9.26548   0.56099
13.7    9.32153   0.559957
13.8    9.37747   0.558935
13.9    9.43331   0.557925
14    9.48906   0.556926
14.1    9.5447   0.555938
14.2    9.60024   0.55496
14.3    9.65569   0.553994
14.4    9.71104   0.553037
14.5    9.7663   0.552091
14.6    9.82146   0.551155
14.7    9.87653   0.550229
14.8    9.93151   0.549312
14.9    9.98639   0.548405
15    10.0412   0.547508
15.1    10.0959   0.546619
15.2    10.1505   0.54574
15.3    10.205   0.544869
15.4    10.2595   0.544008
15.5    10.3138   0.543154
15.6    10.3681   0.54231
15.7    10.4223   0.541473
15.8    10.4764   0.540645
15.9    10.5304   0.539825
16    10.5844   0.539013
16.1    10.6382   0.538208
16.2    10.692   0.537412
16.3    10.7457   0.536622
16.4    10.7993   0.535841
16.5    10.8529   0.535066
16.6    10.9064   0.534299
16.7    10.9597   0.533539
16.8    11.0131   0.532786
16.9    11.0663   0.53204
17    11.1195   0.5313
17.1    11.1726   0.530568
17.2    11.2256   0.529841
17.3    11.2785   0.529122
17.4    11.3314   0.528409
17.5    11.3842   0.527702
17.6    11.437   0.527001
17.7    11.4896   0.526306
17.8    11.5422   0.525618
17.9    11.5947   0.524935
18    11.6472   0.524258
18.1    11.6996   0.523587
18.2    11.7519   0.522922
18.3    11.8042   0.522262
18.4    11.8564   0.521608
18.5    11.9085   0.52096
18.6    11.9606   0.520316
18.7    12.0126   0.519678
18.8    12.0645   0.519046
18.9    12.1164   0.518418
19    12.1682   0.517796
19.1    12.2199   0.517178
19.2    12.2716   0.516566
19.3    12.3232   0.515959
19.4    12.3748   0.515356
19.5    12.4263   0.514758
19.6    12.4778   0.514165
19.7    12.5292   0.513576
19.8    12.5805   0.512993
19.9    12.6318   0.512413
20    12.683   0.511838
20.1    12.7341   0.511268
20.2    12.7852   0.510702
20.3    12.8363   0.51014
20.4    12.8872   0.509582
20.5    12.9382   0.509029
20.6    12.9891   0.50848
20.7    13.0399   0.507935
20.8    13.0906   0.507394
20.9    13.1413   0.506857
21    13.192   0.506324
21.1    13.2426   0.505795
21.2    13.2932   0.50527
21.3    13.3437   0.504748
21.4    13.3941   0.504231
21.5    13.4445   0.503717
21.6    13.4949   0.503206
21.7    13.5452   0.5027
21.8    13.5954   0.502197
21.9    13.6456   0.501697
22    13.6957   0.501201
22.1    13.7458   0.500709
22.2    13.7959   0.50022
22.3    13.8459   0.499734
22.4    13.8958   0.499252
22.5    13.9457   0.498773
22.6    13.9956   0.498297
22.7001    14.0454   0.497825
22.8001    14.0951   0.497356
22.9001    14.1449   0.49689
23.0001    14.1945   0.496427
23.1001    14.2441   0.495967
23.2001    14.2937   0.49551
23.3001    14.3432   0.495056
23.4001    14.3927   0.494606
23.5001    14.4422   0.494158
23.6001    14.4916   0.493713
23.7001    14.5409   0.493271
23.8001    14.5902   0.492832
23.9001    14.6395   0.492396
24.0001    14.6887   0.491963
24.1001    14.7379   0.491532
24.2001    14.787   0.491105
24.3001    14.8361   0.490679
24.4001    14.8851   0.490257
24.5001    14.9341   0.489837
24.6001    14.9831   0.48942
24.7001    15.032   0.489006
24.8001    15.0809   0.488594
24.9001    15.1297   0.488185
25.0001    15.1785   0.487778
25.1001    15.2273   0.487374
25.2001    15.276   0.486972
25.3001    15.3247   0.486573
25.4001    15.3733   0.486176
25.5001    15.4219   0.485782
25.6001    15.4705   0.48539
25.7001    15.519   0.485
25.8001    15.5675   0.484613
25.9001    15.6159   0.484228
26.0001    15.6643   0.483845
26.1001    15.7127   0.483465
26.2001    15.761   0.483087
26.3001    15.8093   0.482711
26.4001    15.8576   0.482337
26.5001    15.9058   0.481966
26.6001    15.954   0.481596
26.7001    16.0021   0.481229
26.8001    16.0502   0.480864
26.9001    16.0983   0.480501
27.0001    16.1463   0.48014
27.1001    16.1943   0.479782
27.2001    16.2423   0.479425
27.3001    16.2902   0.47907
27.4001    16.3381   0.478717
27.5001    16.3859   0.478367
27.6001    16.4338   0.478018
27.7001    16.4815   0.477671
27.8001    16.5293   0.477326
27.9001    16.577   0.476983
28.0001    16.6247   0.476642
28.1001    16.6723   0.476303
28.2001    16.7199   0.475966
28.3001    16.7675   0.475631
28.4001    16.8151   0.475297
28.5001    16.8626   0.474965
28.6001    16.9101   0.474635
28.7001    16.9575   0.474307
28.8001    17.0049   0.473981
28.9001    17.0523   0.473656
29.0001    17.0997   0.473333
29.1001    17.147   0.473012
29.2001    17.1943   0.472693
29.3001    17.2415   0.472375
29.4001    17.2887   0.472059
29.5001    17.3359   0.471745
29.6001    17.3831   0.471432
29.7001    17.4302   0.471121
29.8001    17.4773   0.470811
29.9001    17.5244   0.470504
30.0001    17.5714   0.470197
30.1001    17.6184   0.469893
30.2001    17.6654   0.46959
30.3001    17.7123   0.469288
30.4001    17.7592   0.468988
30.5001    17.8061   0.46869
30.6001    17.853   0.468393
30.7001    17.8998   0.468097
30.8001    17.9466   0.467803
30.9001    17.9934   0.467511
31.0001    18.0401   0.46722
31.1001    18.0868   0.46693
31.2001    18.1335   0.466642
31.3001    18.1801   0.466356
31.4001    18.2268   0.466071
31.5001    18.2734   0.465787
31.6001    18.3199   0.465504
31.7001    18.3665   0.465223
31.8001    18.413   0.464944
31.9001    18.4594   0.464665
32.0001    18.5059   0.464389
32.1001    18.5523   0.464113
32.2001    18.5987   0.463839
32.3001    18.6451   0.463566
32.4001    18.6914   0.463294
32.5001    18.7378   0.463024
32.6001    18.784   0.462755
32.7001    18.8303   0.462487
32.8001    18.8765   0.462221
32.9001    18.9228   0.461956
33.0001    18.9689   0.461692
33.1001    19.0151   0.461429
33.2001    19.0612   0.461168
33.3001    19.1073   0.460908
33.4001    19.1534   0.460649
33.5001    19.1995   0.460391
33.6001    19.2455   0.460134
33.7001    19.2915   0.459879
33.8001    19.3375   0.459625
33.9001    19.3834   0.459372
34.0001    19.4293   0.45912
34.1001    19.4752   0.458869
34.2001    19.5211   0.45862
34.3    19.567   0.458371
34.4    19.6128   0.458124
34.5    19.6586   0.457878
34.6    19.7044   0.457633
34.7    19.7501   0.457389
34.8    19.7958   0.457146
34.9    19.8415   0.456904
35    19.8872   0.456664
35.1    19.9329   0.456424
35.2    19.9785   0.456186
35.3    20.0241   0.455948
35.4    20.0697   0.455712
35.5    20.1152   0.455476
35.6    20.1608   0.455242
35.7    20.2063   0.455009
35.8    20.2518   0.454776
35.9    20.2973   0.454545
36    20.3427   0.454315
36.1    20.3881   0.454086
36.2    20.4335   0.453857
36.3    20.4789   0.45363
36.4    20.5242   0.453404
36.5    20.5696   0.453178
36.6    20.6149   0.452954
36.7    20.6602   0.452731
36.8    20.7054   0.452508
36.9    20.7507   0.452287
37    20.7959   0.452066
37.1    20.8411   0.451846
37.2    20.8862   0.451628
37.3    20.9314   0.45141
37.4    20.9765   0.451193
37.5    21.0216   0.450977
37.6    21.0667   0.450762
37.7    21.1118   0.450548
37.8    21.1568   0.450334
37.9    21.2019   0.450122
38    21.2469   0.44991
38.1    21.2918   0.4497
38.2    21.3368   0.44949
38.3    21.3817   0.449281
38.4    21.4267   0.449073
38.5    21.4716   0.448866
38.6    21.5164   0.448659
38.7    21.5613   0.448454
38.8    21.6061   0.448249
38.9    21.6509   0.448045
39    21.6957   0.447842
39.1    21.7405   0.44764
39.2    21.7853   0.447439
39.3    21.83   0.447238
39.4    21.8747   0.447038
39.5    21.9194   0.446839
39.6    21.9641   0.446641
39.7    22.0087   0.446443
39.8    22.0534   0.446247
39.9    22.098   0.446051
40    22.1426   0.445856
40.1    22.1871   0.445661
40.2    22.2317   0.445468
40.3    22.2762   0.445275
40.4    22.3208   0.445083
40.5    22.3653   0.444891
40.6    22.4097   0.444701
40.7    22.4542   0.444511
40.7999    22.4986   0.444322
40.8999    22.5431   0.444133
40.9999    22.5875   0.443946
41.0999    22.6318   0.443759
41.1999    22.6762   0.443572
41.2999    22.7206   0.443387
41.3999    22.7649   0.443202
41.4999    22.8092   0.443018
41.5999    22.8535   0.442834
41.6999    22.8978   0.442652
41.7999    22.942   0.44247
41.8999    22.9863   0.442288
41.9999    23.0305   0.442108
42.0999    23.0747   0.441928
42.1999    23.1189   0.441748
42.2999    23.163   0.44157
42.3999    23.2072   0.441392
42.4999    23.2513   0.441214
42.5999    23.2954   0.441037
42.6999    23.3395   0.440861
42.7999    23.3836   0.440686
42.8999    23.4277   0.440511
42.9999    23.4717   0.440337
43.0999    23.5157   0.440164
43.1999    23.5597   0.439991
43.2999    23.6037   0.439819
43.3999    23.6477   0.439647
43.4999    23.6917   0.439476
43.5999    23.7356   0.439306
43.6999    23.7795   0.439136
43.7999    23.8234   0.438967
43.8999    23.8673   0.438799
43.9999    23.9112   0.438631
44.0999    23.955   0.438463
44.1999    23.9989   0.438297
44.2999    24.0427   0.438131
44.3999    24.0865   0.437965
44.4999    24.1303   0.4378
44.5999    24.1741   0.437636
44.6999    24.2178   0.437472
44.7999    24.2616   0.437309
44.8999    24.3053   0.437146
44.9999    24.349   0.436984
45.0999    24.3927   0.436823
45.1999    24.4363   0.436662
45.2999    24.48   0.436502
45.3999    24.5236   0.436342
45.4999    24.5673   0.436183
45.5999    24.6109   0.436024
45.6999    24.6545   0.435866
45.7999    24.6981   0.435708
45.8999    24.7416   0.435551
45.9999    24.7852   0.435395
46.0999    24.8287   0.435239
46.1999    24.8722   0.435083
46.2999    24.9157   0.434929
46.3999    24.9592   0.434774
46.4999    25.0027   0.43462
46.5999    25.0461   0.434467
46.6999    25.0896   0.434314
46.7999    25.133   0.434162
46.8999    25.1764   0.43401
46.9999    25.2198   0.433859
47.0999    25.2632   0.433708
47.1999    25.3065   0.433558
47.2999    25.3499   0.433408
47.3998    25.3932   0.433259
47.4998    25.4365   0.43311
47.5998    25.4798   0.432962
47.6998    25.5231   0.432814
47.7998    25.5664   0.432667
47.8998    25.6097   0.43252
47.9998    25.6529   0.432374
48.0998    25.6961   0.432228
48.1998    25.7394   0.432083
48.2998    25.7826   0.431938
48.3998    25.8257   0.431794
48.4998    25.8689   0.43165
48.5998    25.9121   0.431506
48.6998    25.9552   0.431363
48.7998    25.9983   0.431221
48.8998    26.0415   0.431079
48.9998    26.0846   0.430937
49.0998    26.1276   0.430796
49.1998    26.1707   0.430656
49.2998    26.2138   0.430515
49.3998    26.2568   0.430376
49.4998    26.2999   0.430236
49.5998    26.3429   0.430098
49.6998    26.3859   0.429959
49.7998    26.4289   0.429821
49.8998    26.4718   0.429684
49.9998    26.5148   0.429547
50.0998    26.5577   0.42941
50.1998    26.6007   0.429274
50.2998    26.6436   0.429138
50.3998    26.6865   0.429002
50.4998    26.7294   0.428868
50.5998    26.7723   0.428733
50.6998    26.8151   0.428599
50.7998    26.858   0.428465
50.8998    26.9008   0.428332
50.9998    26.9437   0.428199
51.0998    26.9865   0.428067
51.1998    27.0293   0.427935
51.2998    27.0721   0.427803
51.3998    27.1148   0.427672
51.4998    27.1576   0.427541
51.5998    27.2003   0.427411
51.6998    27.2431   0.427281
51.7998    27.2858   0.427151
51.8998    27.3285   0.427022
51.9998    27.3712   0.426893
52.0998    27.4139   0.426765
52.1998    27.4566   0.426637
52.2998    27.4992   0.426509
52.3998    27.5419   0.426382
52.4998    27.5845   0.426255
52.5998    27.6271   0.426129
52.6998    27.6697   0.426002
52.7998    27.7123   0.425877
52.8998    27.7549   0.425751
52.9998    27.7975   0.425626
53.0998    27.84   0.425502
53.1998    27.8826   0.425378
53.2998    27.9251   0.425254
53.3998    27.9676   0.42513
53.4998    28.0101   0.425007
53.5998    28.0526   0.424885
53.6998    28.0951   0.424762
53.7998    28.1376   0.42464
53.8997    28.18   0.424519
53.9997    28.2225   0.424397
54.0997    28.2649   0.424276
54.1997    28.3073   0.424156
54.2997    28.3497   0.424036
54.3997    28.3921   0.423916
54.4997    28.4345   0.423796
54.5997    28.4769   0.423677
54.6997    28.5193   0.423558
54.7997    28.5616   0.42344
54.8997    28.6039   0.423322
54.9997    28.6463   0.423204
55.0997    28.6886   0.423086
55.1997    28.7309   0.422969
55.2997    28.7732   0.422853
55.3997    28.8155   0.422736
55.4997    28.8577   0.42262
55.5997    28.9   0.422504
55.6997    28.9422   0.422389
55.7997    28.9845   0.422274
55.8997    29.0267   0.422159
55.9997    29.0689   0.422045
56.0997    29.1111   0.421931
56.1997    29.1533   0.421817
56.2997    29.1954   0.421703
56.3997    29.2376   0.42159
56.4997    29.2798   0.421477
56.5997    29.3219   0.421365
56.6997    29.364   0.421253
56.7997    29.4062   0.421141
56.8997    29.4483   0.421029
56.9997    29.4904   0.420918
57.0997    29.5325   0.420807
57.1997    29.5745   0.420696
57.2997    29.6166   0.420586
57.3997    29.6586   0.420476
57.4997    29.7007   0.420366
57.5997    29.7427   0.420257
57.6997    29.7847   0.420148
57.7997    29.8267   0.420039
57.8997    29.8687   0.419931
57.9997    29.9107   0.419823
58.0997    29.9527   0.419715
58.1997    29.9947   0.419607
58.2997    30.0366   0.4195
58.3997    30.0786   0.419393
58.4997    30.1205   0.419286
58.5997    30.1624   0.41918
58.6997    30.2043   0.419073
58.7997    30.2463   0.418968
58.8997    30.2881   0.418862
58.9997    30.33   0.418757
59.0997    30.3719   0.418652
59.1997    30.4138   0.418547
59.2997    30.4556   0.418443
59.3997    30.4974   0.418339
59.4997    30.5393   0.418235
59.5997    30.5811   0.418131
59.6997    30.6229   0.418028
59.7997    30.6647   0.417925
59.8997    30.7065   0.417822
59.9997    30.7483   0.41772
60.0997    30.79   0.417617
60.1997    30.8318   0.417516
60.2997    30.8735   0.417414
60.3997    30.9153   0.417313
60.4996    30.957   0.417211
60.5996    30.9987   0.417111
60.6996    31.0404   0.41701
60.7996    31.0821   0.41691
60.8996    31.1238   0.41681
60.9996    31.1655   0.41671
61.0996    31.2071   0.41661
61.1996    31.2488   0.416511
61.2996    31.2904   0.416412
61.3996    31.3321   0.416313
61.4996    31.3737   0.416215
61.5996    31.4153   0.416117
61.6996    31.4569   0.416019
61.7996    31.4985   0.415921
61.8996    31.5401   0.415823
61.9996    31.5817   0.415726
62.0996    31.6233   0.415629
62.1996    31.6648   0.415533
62.2996    31.7064   0.415436
62.3996    31.7479   0.41534
62.4996    31.7894   0.415244
62.5996    31.8309   0.415148
62.6996    31.8725   0.415053
62.7996    31.914   0.414957
62.8996    31.9554   0.414863
62.9996    31.9969   0.414768
63.0996    32.0384   0.414673
63.1996    32.0799   0.414579
63.2996    32.1213   0.414485
63.3996    32.1628   0.414391
63.4996    32.2042   0.414298
63.5996    32.2456   0.414204
63.6996    32.287   0.414111
63.7996    32.3284   0.414018
63.8996    32.3698   0.413926
63.9996    32.4112   0.413833
64.0996    32.4526   0.413741
64.1996    32.494   0.413649
64.2996    32.5353   0.413558
64.3996    32.5767   0.413466
64.4996    32.618   0.413375
64.5996    32.6594   0.413284
64.6996    32.7007   0.413193
64.7996    32.742   0.413103
64.8996    32.7833   0.413012
64.9996    32.8246   0.412922
65.0996    32.8659   0.412832
65.1996    32.9072   0.412743
65.2996    32.9484   0.412653
65.3996    32.9897   0.412564
65.4996    33.031   0.412475
65.5996    33.0722   0.412386
65.6996    33.1134   0.412298
65.7996    33.1547   0.412209
65.8996    33.1959   0.412121
65.9996    33.2371   0.412033
66.0996    33.2783   0.411946
66.1996    33.3195   0.411858
66.2996    33.3606   0.411771
66.3996    33.4018   0.411684
66.4996    33.443   0.411597
66.5996    33.4841   0.41151
66.6996    33.5253   0.411424
66.7996    33.5664   0.411338
66.8996    33.6076   0.411252
66.9995    33.6487   0.411166
67.0995    33.6898   0.41108
67.1995    33.7309   0.410995
67.2995    33.772   0.41091
67.3995    33.8131   0.410825
67.4995    33.8542   0.41074
67.5995    33.8952   0.410656
67.6995    33.9363   0.410571
67.7995    33.9773   0.410487
67.8995    34.0184   0.410403
67.9995    34.0594   0.410319
68.0995    34.1004   0.410236
68.1995    34.1415   0.410152
68.2995    34.1825   0.410069
68.3995    34.2235   0.409986
68.4995    34.2645   0.409903
68.5995    34.3055   0.409821
68.6995    34.3464   0.409738
68.7995    34.3874   0.409656
68.8995    34.4284   0.409574
68.9995    34.4693   0.409492
69.0995    34.5103   0.409411
69.1995    34.5512   0.409329
69.2995    34.5921   0.409248
69.3995    34.6331   0.409167
69.4995    34.674   0.409086
69.5995    34.7149   0.409005
69.6995    34.7558   0.408925
69.7995    34.7967   0.408845
69.8995    34.8375   0.408765
69.9995    34.8784   0.408685
70.0995    34.9193   0.408605
70.1995    34.9601   0.408525
70.2995    35.001   0.408446
70.3995    35.0418   0.408367
70.4995    35.0826   0.408288
70.5995    35.1235   0.408209
70.6995    35.1643   0.40813
70.7995    35.2051   0.408052
70.8995    35.2459   0.407973
70.9995    35.2867   0.407895
71.0995    35.3275   0.407817
71.1995    35.3683   0.40774
71.2995    35.409   0.407662
71.3995    35.4498   0.407584
71.4995    35.4906   0.407507
71.5995    35.5313   0.40743
71.6995    35.572   0.407353
71.7995    35.6128   0.407277
71.8995    35.6535   0.4072
71.9995    35.6942   0.407124
72.0995    35.7349   0.407047
72.1995    35.7756   0.406971
72.2995    35.8163   0.406896
72.3995    35.857   0.40682
72.4995    35.8977   0.406744
72.5995    35.9384   0.406669
72.6995    35.979   0.406594
72.7995    36.0197   0.406519
72.8995    36.0603   0.406444
72.9995    36.101   0.406369
73.0995    36.1416   0.406295
73.1995    36.1822   0.40622
73.2995    36.2229   0.406146
73.3995    36.2635   0.406072
73.4995    36.3041   0.405998
73.5994    36.3447   0.405925
73.6994    36.3853   0.405851
73.7994    36.4258   0.405778
73.8994    36.4664   0.405704
73.9994    36.507   0.405631
74.0994    36.5475   0.405558
74.1994    36.5881   0.405486
74.2994    36.6286   0.405413
74.3994    36.6692   0.405341
74.4994    36.7097   0.405268
74.5994    36.7502   0.405196
74.6994    36.7907   0.405124
74.7994    36.8313   0.405053
74.8994    36.8718   0.404981
74.9994    36.9123   0.404909
75.0994    36.9527   0.404838
75.1994    36.9932   0.404767
75.2994    37.0337   0.404696
75.3994    37.0742   0.404625
75.4994    37.1146   0.404554
75.5994    37.1551   0.404484
75.6994    37.1955   0.404413
75.7994    37.236   0.404343
75.8994    37.2764   0.404273
75.9994    37.3168   0.404203
76.0994    37.3572   0.404133
76.1994    37.3976   0.404064
76.2994    37.438   0.403994
76.3994    37.4784   0.403925
76.4994    37.5188   0.403855
76.5994    37.5592   0.403786
76.6994    37.5996   0.403717
76.7994    37.6399   0.403649
76.8994    37.6803   0.40358
76.9994    37.7207   0.403511
77.0994    37.761   0.403443
77.1994    37.8014   0.403375
77.2994    37.8417   0.403307
77.3994    37.882   0.403239
77.4994    37.9223   0.403171
77.5994    37.9627   0.403104
77.6994    38.003   0.403036
77.7994    38.0433   0.402969
77.8994    38.0836   0.402902
77.9994    38.1238   0.402834
78.0994    38.1641   0.402768
78.1994    38.2044   0.402701
78.2994    38.2447   0.402634
78.3994    38.2849   0.402568
78.4994    38.3252   0.402501
78.5994    38.3654   0.402435
78.6994    38.4057   0.402369
78.7994    38.4459   0.402303
78.8994    38.4861   0.402237
78.9994    38.5263   0.402171
79.0994    38.5666   0.402106
79.1994    38.6068   0.40204
79.2994    38.647   0.401975
79.3994    38.6872   0.40191
79.4994    38.7273   0.401845
79.5994    38.7675   0.40178
79.6994    38.8077   0.401715
79.7994    38.8479   0.401651
79.8994    38.888   0.401586
79.9994    38.9282   0.401522
