0    1.5   -1
0.1    1.39926   -1.0147
0.2    1.29706   -1.02879
0.3    1.1935   -1.0413
0.4    1.0888   -1.05045
0.5    0.983413   -1.05304
0.6    0.878196   -1.04316
0.7    0.774779   -1.00978
0.8    0.676222   -0.932248
0.9    0.588233   -0.774672
1    0.520881   -0.489942
1.1    0.488838   -0.0691361
1.2    0.503804   0.381091
1.3    0.561314   0.719031
1.4    0.64562   0.915285
1.5    0.743733   1.01394
1.6    0.848241   1.05791
1.7    0.955276   1.07299
1.8    1.06283   1.07295
1.9    1.16987   1.06503
2    1.27584   1.05307
2.1    1.38048   1.0392
2.2    1.48368   1.02456
2.3    1.58539   1.00982
2.4    1.68564   0.995314
2.5    1.78446   0.981256
2.6    1.88189   0.967739
2.7    1.978   0.954806
2.8    2.07285   0.942467
2.9    2.1665   0.93071
3    2.25899   0.919515
3.1    2.3504   0.908856
3.2    2.44077   0.898703
3.3    2.53014   0.889026
3.4    2.61857   0.879797
3.5    2.7061   0.870986
3.6    2.79277   0.862567
3.7    2.87861   0.854515
3.8    2.96367   0.846806
3.9    3.04797   0.839418
4    3.13155   0.832332
4.1    3.21444   0.825529
4.2    3.29666   0.818991
4.3    3.37824   0.812702
4.4    3.4592   0.806647
4.5    3.53957   0.800814
4.6    3.61936   0.795188
4.7    3.69861   0.78976
4.8    3.77731   0.784516
4.9    3.85551   0.779449
5    3.9332   0.774548
5.1    4.01042   0.769804
5.2    4.08717   0.76521
5.3    4.16346   0.760758
5.4    4.23932   0.75644
5.5    4.31475   0.752251
5.6    4.38977   0.748185
5.7    4.46439   0.744234
5.8    4.53861   0.740395
5.9    4.61246   0.736662
6    4.68595   0.73303
6.1    4.75907   0.729496
6.2    4.83185   0.726054
6.3    4.90428   0.7227
6.4    4.97639   0.719432
6.5    5.04817   0.716246
6.6    5.11963   0.713137
6.7    5.19079   0.710104
6.8    5.26166   0.707143
6.9    5.33222   0.704252
7    5.40251   0.701427
7.1    5.47251   0.698667
7.2    5.54224   0.695968
7.3    5.6117   0.69333
7.4    5.6809   0.690748
7.5    5.74985   0.688222
7.6    5.81855   0.68575
7.7    5.887   0.683329
7.79999    5.95522   0.680959
7.89999    6.02319   0.678636
7.99999    6.09094   0.67636
8.09999    6.15847   0.67413
8.2    6.22577   0.671943
8.3    6.29285   0.669798
8.4    6.35973   0.667694
8.5    6.42639   0.66563
8.6    6.49285   0.663604
8.7    6.55911   0.661616
8.8    6.62518   0.659664
8.9    6.69105   0.657747
9    6.75673   0.655864
9.1    6.82222   0.654014
9.2    6.88753   0.652196
9.3    6.95266   0.650409
9.4    7.01761   0.648653
9.5    7.08239   0.646927
9.6    7.147   0.645229
9.7    7.21143   0.643559
9.8    7.27571   0.641916
9.9    7.33982   0.640299
10    7.40377   0.638709
10.1    7.46756   0.637143
10.2    7.5312   0.635602
10.3    7.59468   0.634085
10.4    7.65801   0.632591
10.5    7.7212   0.63112
10.6    7.78424   0.629671
10.7    7.84713   0.628243
10.8    7.90989   0.626836
10.9    7.9725   0.62545
11    8.03498   0.624084
11.1    8.09732   0.622738
11.2    8.15952   0.62141
11.3    8.2216   0.620102
11.4    8.28354   0.618811
11.5    8.34536   0.617539
11.6    8.40705   0.616284
11.7    8.46862   0.615045
11.8    8.53006   0.613824
11.9    8.59138   0.612619
12    8.65259   0.61143
12.1    8.71367   0.610256
12.2    8.77464   0.609098
12.3    8.83549   0.607954
12.4    8.89623   0.606825
12.5    8.95685   0.605711
12.6    9.01737   0.604611
12.7    9.07778   0.603524
12.8    9.13807   0.602451
12.9    9.19827   0.601391
13    9.25835   0.600344
13.1    9.31833   0.59931
13.2    9.37821   0.598288
13.3    9.43799   0.597278
13.4    9.49767   0.59628
13.5    9.55725   0.595294
13.6    9.61673   0.59432
13.7    9.67611   0.593356
13.8    9.7354   0.592404
13.9    9.79459   0.591463
14    9.85369   0.590532
14.1    9.9127   0.589612
14.2    9.97161   0.588702
14.3    10.0304   0.587802
14.4    10.0892   0.586912
14.5    10.1478   0.586032
14.6    10.2064   0.585161
14.7    10.2649   0.5843
14.8    10.3232   0.583448
14.9    10.3815   0.582605
15    10.4398   0.581771
15.1    10.4979   0.580946
15.2    10.556   0.580129
15.3    10.6139   0.579321
15.4    10.6718   0.578521
15.5    10.7296   0.577729
15.6    10.7874   0.576945
15.7    10.845   0.57617
15.8    10.9026   0.575402
15.9    10.9601   0.574641
16    11.0175   0.573889
16.1    11.0749   0.573143
16.2    11.1322   0.572405
16.3    11.1894   0.571674
16.4    11.2465   0.570951
16.5    11.3035   0.570234
16.6    11.3605   0.569524
16.7    11.4175   0.56882
16.8    11.4743   0.568124
16.9    11.5311   0.567434
17    11.5878   0.56675
17.1    11.6444   0.566073
17.2    11.701   0.565402
17.3    11.7575   0.564737
17.4    11.8139   0.564078
17.5    11.8703   0.563425
17.6    11.9266   0.562778
17.7    11.9829   0.562137
17.8    12.0391   0.561501
17.9    12.0952   0.560871
18    12.1512   0.560247
18.1    12.2072   0.559628
18.2    12.2632   0.559015
18.3    12.319   0.558407
18.4    12.3748   0.557804
18.5    12.4306   0.557206
18.6    12.4863   0.556614
18.7    12.5419   0.556026
18.8    12.5975   0.555444
18.9    12.653   0.554866
19    12.7085   0.554293
19.1    12.7639   0.553725
19.2    12.8192   0.553162
19.3    12.8745   0.552603
19.4    12.9297   0.552049
19.5    12.9849   0.551499
19.6    13.04   0.550954
19.7    13.0951   0.550413
19.8    13.1501   0.549877
19.9    13.2051   0.549345
20    13.26   0.548817
20.1    13.3148   0.548293
20.2    13.3696   0.547773
20.3    13.4244   0.547258
20.4    13.4791   0.546746
20.5    13.5337   0.546238
20.6    13.5883   0.545735
20.7    13.6429   0.545235
20.8    13.6974   0.544739
20.9    13.7518   0.544247
21    13.8062   0.543758
21.1    13.8606   0.543274
21.2    13.9149   0.542792
21.3    13.9691   0.542315
21.4    14.0234   0.541841
21.5    14.0775   0.54137
21.6    14.1316   0.540903
21.7    14.1857   0.54044
21.8    14.2397   0.539979
21.9    14.2937   0.539523
22    14.3476   0.539069
22.1    14.4015   0.538619
22.2    14.4553   0.538172
22.3    14.5091   0.537728
22.4    14.5629   0.537287
22.5    14.6166   0.536849
22.6    14.6703   0.536415
22.7001    14.7239   0.535983
22.8001    14.7775   0.535555
22.9001    14.831   0.535129
23.0001    14.8845   0.534707
23.1001    14.9379   0.534287
23.2001    14.9913   0.533871
23.3001    15.0447   0.533457
23.4001    15.098   0.533046
23.5001    15.1513   0.532637
23.6001    15.2046   0.532232
23.7001    15.2578   0.531829
23.8001    15.3109   0.531429
23.9001    15.364   0.531032
24.0001    15.4171   0.530637
24.1001    15.4702   0.530245
24.2001    15.5232   0.529855
24.3001    15.5761   0.529468
24.4001    15.6291   0.529084
24.5001    15.682   0.528702
24.6001    15.7348   0.528323
24.7001    15.7876   0.527946
24.8001    15.8404   0.527571
24.9001    15.8931   0.527199
25.0001    15.9458   0.526829
25.1001    15.9985   0.526462
25.2001    16.0511   0.526096
25.3001    16.1037   0.525734
25.4001    16.1563   0.525373
25.5001    16.2088   0.525015
25.6001    16.2613   0.524659
25.7001    16.3137   0.524305
25.8001    16.3661   0.523953
25.9001    16.4185   0.523604
26.0001    16.4709   0.523257
26.1001    16.5232   0.522911
26.2001    16.5754   0.522568
26.3001    16.6277   0.522227
26.4001    16.6799   0.521888
26.5001    16.7321   0.521551
26.6001    16.7842   0.521217
26.7001    16.8363   0.520884
26.8001    16.8884   0.520553
26.9001    16.9404   0.520224
27.0001    16.9924   0.519897
27.1001    17.0444   0.519572
27.2001    17.0963   0.519249
27.3001    17.1482   0.518928
27.4001    17.2001   0.518609
27.5001    17.252   0.518291
27.6001    17.3038   0.517976
27.7001    17.3556   0.517662
27.8001    17.4073   0.51735
27.9001    17.459   0.51704
28.0001    17.5107   0.516731
28.1001    17.5624   0.516425
28.2001    17.614   0.51612
28.3001    17.6656   0.515817
28.4001    17.7172   0.515515
28.5001    17.7687   0.515215
28.6001    17.8202   0.514917
28.7001    17.8717   0.514621
28.8001    17.9231   0.514326
28.9001    17.9746   0.514033
29.0001    18.0259   0.513742
29.1001    18.0773   0.513452
29.2001    18.1286   0.513163
29.3001    18.1799   0.512877
29.4001    18.2312   0.512592
29.5001    18.2825   0.512308
29.6001    18.3337   0.512026
29.7001    18.3849   0.511745
29.8001    18.436   0.511466
29.9001    18.4872   0.511189
30.0001    18.5383   0.510913
30.1001    18.5893   0.510638
30.2001    18.6404   0.510365
30.3001    18.6914   0.510094
30.4001    18.7424   0.509823
30.5001    18.7934   0.509555
30.6001    18.8443   0.509287
30.7001    18.8952   0.509021
30.8001    18.9461   0.508757
30.9001    18.997   0.508494
31.0001    19.0478   0.508232
31.1001    19.0986   0.507971
31.2001    19.1494   0.507712
31.3001    19.2002   0.507454
31.4001    19.2509   0.507198
31.5001    19.3016   0.506943
31.6001    19.3523   0.506689
31.7001    19.4029   0.506436
31.8001    19.4536   0.506185
31.9001    19.5042   0.505935
32.0001    19.5548   0.505686
32.1001    19.6053   0.505439
32.2001    19.6559   0.505192
32.3001    19.7064   0.504947
32.4001    19.7568   0.504703
32.5001    19.8073   0.504461
32.6001    19.8577   0.504219
32.7001    19.9081   0.503979
32.8001    19.9585   0.50374
32.9001    20.0089   0.503502
33.0001    20.0592   0.503266
33.1001    20.1095   0.50303
33.2001    20.1598   0.502796
33.3001    20.2101   0.502562
33.4001    20.2603   0.50233
33.5001    20.3106   0.502099
33.6001    20.3608   0.501869
33.7001    20.4109   0.50164
33.8001    20.4611   0.501413
33.9001    20.5112   0.501186
34.0001    20.5613   0.50096
34.1001    20.6114   0.500736
34.2001    20.6615   0.500513
34.3    20.7115   0.50029
34.4    20.7615   0.500069
34.5    20.8115   0.499848
34.6    20.8615   0.499629
34.7    20.9115   0.499411
34.8    20.9614   0.499194
34.9    21.0113   0.498977
35    21.0612   0.498762
35.1    21.111   0.498548
35.2    21.1609   0.498335
35.3    21.2107   0.498122
35.4    21.2605   0.497911
35.5    21.3103   0.497701
35.6    21.3601   0.497491
35.7    21.4098   0.497283
35.8    21.4595   0.497075
35.9    21.5092   0.496869
36    21.5589   0.496663
36.1    21.6085   0.496459
36.2    21.6582   0.496255
36.3    21.7078   0.496052
36.4    21.7574   0.49585
36.5    21.807   0.495649
36.6    21.8565   0.495449
36.7    21.9061   0.495249
36.8    21.9556   0.495051
36.9    22.0051   0.494853
37    22.0545   0.494657
37.1    22.104   0.494461
37.2    22.1534   0.494266
37.3    22.2029   0.494072
37.4    22.2522   0.493878
37.5    22.3016   0.493686
37.6    22.351   0.493494
37.7    22.4003   0.493303
37.8    22.4496   0.493113
37.9    22.4989   0.492924
38    22.5482   0.492736
38.1    22.5975   0.492548
38.2    22.6467   0.492362
38.3    22.696   0.492176
38.4    22.7452   0.49199
38.5    22.7944   0.491806
38.6    22.8435   0.491622
38.7    22.8927   0.491439
38.8    22.9418   0.491257
38.9    22.9909   0.491076
39    23.04   0.490895
39.1    23.0891   0.490716
39.2    23.1382   0.490537
39.3    23.1872   0.490358
39.4    23.2363   0.490181
39.5    23.2853   0.490004
39.6    23.3343   0.489828
39.7    23.3832   0.489652
39.8    23.4322   0.489477
39.9    23.4811   0.489303
40    23.53   0.48913
40.1    23.5789   0.488958
40.2    23.6278   0.488786
40.3    23.6767   0.488614
40.4    23.7256   0.488444
40.5    23.7744   0.488274
40.6    23.8232   0.488105
40.7    23.872   0.487937
40.7999    23.9208   0.487769
40.8999    23.9696   0.487602
40.9999    24.0183   0.487435
41.0999    24.0671   0.487269
41.1999    24.1158   0.487104
41.2999    24.1645   0.48694
41.3999    24.2132   0.486776
41.4999    24.2618   0.486613
41.5999    24.3105   0.48645
41.6999    24.3591   0.486288
41.7999    24.4077   0.486127
41.8999    24.4563   0.485966
41.9999    24.5049   0.485806
42.0999    24.5535   0.485647
42.1999    24.6021   0.485488
42.2999    24.6506   0.48533
42.3999    24.6991   0.485172
42.4999    24.7476   0.485015
42.5999    24.7961   0.484859
42.6999    24.8446   0.484703
42.7999    24.8931   0.484548
42.8999    24.9415   0.484393
42.9999    24.99   0.484239
43.0999    25.0384   0.484086
43.1999    25.0868   0.483933
43.2999    25.1352   0.483781
43.3999    25.1835   0.483629
43.4999    25.2319   0.483478
43.5999    25.2802   0.483327
43.6999    25.3285   0.483177
43.7999    25.3769   0.483028
43.8999    25.4251   0.482879
43.9999    25.4734   0.482731
44.0999    25.5217   0.482583
44.1999    25.5699   0.482436
44.2999    25.6182   0.482289
44.3999    25.6664   0.482143
44.4999    25.7146   0.481997
44.5999    25.7628   0.481852
44.6999    25.811   0.481708
44.7999    25.8591   0.481564
44.8999    25.9073   0.48142
44.9999    25.9554   0.481277
45.0999    26.0035   0.481135
45.1999    26.0517   0.480993
45.2999    26.0997   0.480851
45.3999    26.1478   0.48071
45.4999    26.1959   0.48057
45.5999    26.2439   0.48043
45.6999    26.292   0.480291
45.7999    26.34   0.480152
45.8999    26.388   0.480013
45.9999    26.436   0.479875
46.0999    26.484   0.479738
46.1999    26.5319   0.479601
46.2999    26.5799   0.479465
46.3999    26.6278   0.479329
46.4999    26.6758   0.479193
46.5999    26.7237   0.479058
46.6999    26.7716   0.478923
46.7999    26.8195   0.478789
46.8999    26.8673   0.478656
46.9999    26.9152   0.478523
47.0999    26.963   0.47839
47.1999    27.0109   0.478258
47.2999    27.0587   0.478126
47.3998    27.1065   0.477995
47.4998    27.1543   0.477864
47.5998    27.2021   0.477733
47.6998    27.2498   0.477603
47.7998    27.2976   0.477474
47.8998    27.3453   0.477345
47.9998    27.3931   0.477216
48.0998    27.4408   0.477088
48.1998    27.4885   0.47696
48.2998    27.5362   0.476833
48.3998    27.5838   0.476706
48.4998    27.6315   0.47658
48.5998    27.6792   0.476454
48.6998    27.7268   0.476328
48.7998    27.7744   0.476203
48.8998    27.822   0.476078
48.9998    27.8696   0.475954
49.0998    27.9172   0.47583
49.1998    27.9648   0.475706
49.2998    28.0124   0.475583
49.3998    28.0599   0.475461
49.4998    28.1075   0.475338
49.5998    28.155   0.475216
49.6998    28.2025   0.475095
49.7998    28.25   0.474974
49.8998    28.2975   0.474853
49.9998    28.345   0.474733
50.0998    28.3924   0.474613
50.1998    28.4399   0.474494
50.2998    28.4873   0.474375
50.3998    28.5348   0.474256
50.4998    28.5822   0.474138
50.5998    28.6296   0.47402
50.6998    28.677   0.473902
50.7998    28.7244   0.473785
50.8998    28.7718   0.473668
50.9998    28.8191   0.473552
51.0998    28.8665   0.473436
51.1998    28.9138   0.47332
51.2998    28.9611   0.473205
51.3998    29.0085   0.47309
51.4998    29.0558   0.472975
51.5998    29.103   0.472861
51.6998    29.1503   0.472747
51.7998    29.1976   0.472634
51.8998    29.2449   0.472521
51.9998    29.2921   0.472408
52.0998    29.3393   0.472295
52.1998    29.3866   0.472183
52.2998    29.4338   0.472072
52.3998    29.481   0.47196
52.4998    29.5282   0.471849
52.5998    29.5753   0.471739
52.6998    29.6225   0.471629
52.7998    29.6697   0.471519
52.8998    29.7168   0.471409
52.9998    29.764   0.4713
53.0998    29.8111   0.471191
53.1998    29.8582   0.471082
53.2998    29.9053   0.470974
53.3998    29.9524   0.470866
53.4998    29.9995   0.470758
53.5998    30.0465   0.470651
53.6998    30.0936   0.470544
53.7998    30.1406   0.470438
53.8997    30.1877   0.470331
53.9997    30.2347   0.470225
54.0997    30.2817   0.47012
54.1997    30.3287   0.470015
54.2997    30.3757   0.46991
54.3997    30.4227   0.469805
54.4997    30.4697   0.469701
54.5997    30.5167   0.469597
54.6997    30.5636   0.469493
54.7997    30.6106   0.469389
54.8997    30.6575   0.469286
54.9997    30.7044   0.469184
55.0997    30.7513   0.469081
55.1997    30.7982   0.468979
55.2997    30.8451   0.468877
55.3997    30.892   0.468776
55.4997    30.9389   0.468674
55.5997    30.9857   0.468573
55.6997    31.0326   0.468473
55.7997    31.0794   0.468372
55.8997    31.1263   0.468272
55.9997    31.1731   0.468173
56.0997    31.2199   0.468073
56.1997    31.2667   0.467974
56.2997    31.3135   0.467875
56.3997    31.3603   0.467777
56.4997    31.4071   0.467678
56.5997    31.4538   0.46758
56.6997    31.5006   0.467483
56.7997    31.5473   0.467385
56.8997    31.594   0.467288
56.9997    31.6408   0.467191
57.0997    31.6875   0.467095
57.1997    31.7342   0.466998
57.2997    31.7809   0.466902
57.3997    31.8276   0.466806
57.4997    31.8743   0.466711
57.5997    31.9209   0.466616
57.6997    31.9676   0.466521
57.7997    32.0142   0.466426
57.8997    32.0609   0.466332
57.9997    32.1075   0.466238
58.0997    32.1541   0.466144
58.1997    32.2007   0.46605
58.2997    32.2473   0.465957
58.3997    32.2939   0.465864
58.4997    32.3405   0.465771
58.5997    32.3871   0.465679
58.6997    32.4336   0.465586
58.7997    32.4802   0.465494
58.8997    32.5267   0.465403
58.9997    32.5733   0.465311
59.0997    32.6198   0.46522
59.1997    32.6663   0.465129
59.2997    32.7128   0.465038
59.3997    32.7593   0.464948
59.4997    32.8058   0.464857
59.5997    32.8523   0.464768
59.6997    32.8988   0.464678
59.7997    32.9452   0.464588
59.8997    32.9917   0.464499
59.9997    33.0381   0.46441
60.0997    33.0846   0.464321
60.1997    33.131   0.464233
60.2997    33.1774   0.464145
60.3997    33.2238   0.464057
60.4996    33.2702   0.463969
60.5996    33.3166   0.463882
60.6996    33.363   0.463794
60.7996    33.4094   0.463707
60.8996    33.4557   0.46362
60.9996    33.5021   0.463534
61.0996    33.5484   0.463448
61.1996    33.5948   0.463362
61.2996    33.6411   0.463276
61.3996    33.6874   0.46319
61.4996    33.7337   0.463105
61.5996    33.7801   0.463019
61.6996    33.8264   0.462935
61.7996    33.8726   0.46285
61.8996    33.9189   0.462765
61.9996    33.9652   0.462681
62.0996    34.0115   0.462597
62.1996    34.0577   0.462513
62.2996    34.104   0.46243
62.3996    34.1502   0.462346
62.4996    34.1964   0.462263
62.5996    34.2427   0.46218
62.6996    34.2889   0.462098
62.7996    34.3351   0.462015
62.8996    34.3813   0.461933
62.9996    34.4275   0.461851
63.0996    34.4736   0.461769
63.1996    34.5198   0.461688
63.2996    34.566   0.461606
63.3996    34.6121   0.461525
63.4996    34.6583   0.461444
63.5996    34.7044   0.461363
63.6996    34.7506   0.461283
63.7996    34.7967   0.461202
63.8996    34.8428   0.461122
63.9996    34.8889   0.461042
64.0996    34.935   0.460963
64.1996    34.9811   0.460883
64.2996    35.0272   0.460804
64.3996    35.0733   0.460725
64.4996    35.1193   0.460646
64.5996    35.1654   0.460567
64.6996    35.2114   0.460489
64.7996    35.2575   0.460411
64.8996    35.3035   0.460333
64.9996    35.3496   0.460255
65.0996    35.3956   0.460177
65.1996    35.4416   0.4601
65.2996    35.4876   0.460022
65.3996    35.5336   0.459945
65.4996    35.5796   0.459868
65.5996    35.6256   0.459792
65.6996    35.6715   0.459715
65.7996    35.7175   0.459639
65.8996    35.7635   0.459563
65.9996    35.8094   0.459487
66.0996    35.8554   0.459411
66.1996    35.9013   0.459336
66.2996    35.9472   0.45926
66.3996    35.9931   0.459185
66.4996    36.0391   0.45911
66.5996    36.085   0.459036
66.6996    36.1309   0.458961
66.7996    36.1768   0.458887
66.8996    36.2226   0.458812
66.9995    36.2685   0.458738
67.0995    36.3144   0.458665
67.1995    36.3603   0.458591
67.2995    36.4061   0.458517
67.3995    36.452   0.458444
67.4995    36.4978   0.458371
67.5995    36.5436   0.458298
67.6995    36.5895   0.458225
67.7995    36.6353   0.458153
67.8995    36.6811   0.45808
67.9995    36.7269   0.458008
68.0995    36.7727   0.457936
68.1995    36.8185   0.457864
68.2995    36.8643   0.457793
68.3995    36.91   0.457721
68.4995    36.9558   0.45765
68.5995    37.0016   0.457579
68.6995    37.0473   0.457508
68.7995    37.0931   0.457437
68.8995    37.1388   0.457366
68.9995    37.1845   0.457296
69.0995    37.2303   0.457226
69.1995    37.276   0.457155
69.2995    37.3217   0.457085
69.3995    37.3674   0.457016
69.4995    37.4131   0.456946
69.5995    37.4588   0.456877
69.6995    37.5045   0.456807
69.7995    37.5502   0.456738
69.8995    37.5958   0.456669
69.9995    37.6415   0.4566
70.0995    37.6871   0.456532
70.1995    37.7328   0.456463
70.2995    37.7784   0.456395
70.3995    37.8241   0.456327
70.4995    37.8697   0.456259
70.5995    37.9153   0.456191
70.6995    37.9609   0.456123
70.7995    38.0065   0.456056
70.8995    38.0522   0.455989
70.9995    38.0977   0.455922
71.0995    38.1433   0.455855
71.1995    38.1889   0.455788
71.2995    38.2345   0.455721
71.3995    38.2801   0.455654
71.4995    38.3256   0.455588
71.5995    38.3712   0.455522
71.6995    38.4167   0.455456
71.7995    38.4623   0.45539
71.8995    38.5078   0.455324
71.9995    38.5533   0.455258
72.0995    38.5989   0.455193
72.1995    38.6444   0.455128
72.2995    38.6899   0.455063
72.3995    38.7354   0.454998
72.4995    38.7809   0.454933
72.5995    38.8264   0.454868
72.6995    38.8719   0.454803
72.7995    38.9173   0.454739
72.8995    38.9628   0.454675
72.9995    39.0083   0.454611
73.0995    39.0537   0.454547
73.1995    39.0992   0.454483
73.2995    39.1446   0.454419
73.3995    39.1901   0.454356
73.4995    39.2355   0.454292
73.5994    39.2809   0.454229
73.6994    39.3263   0.454166
73.7994    39.3718   0.454103
73.8994    39.4172   0.45404
73.9994    39.4626   0.453978
74.0994    39.508   0.453915
74.1994    39.5533   0.453853
74.2994    39.5987   0.453791
74.3994    39.6441   0.453728
74.4994    39.6895   0.453666
74.5994    39.7348   0.453605
74.6994    39.7802   0.453543
74.7994    39.8256   0.453481
74.8994    39.8709   0.45342
74.9994    39.9162   0.453359
75.0994    39.9616   0.453298
75.1994    40.0069   0.453237
75.2994    40.0522   0.453176
75.3994    40.0975   0.453115
75.4994    40.1428   0.453055
75.5994    40.1881   0.452994
75.6994    40.2334   0.452934
75.7994    40.2787   0.452874
75.8994    40.324   0.452814
75.9994    40.3693   0.452754
76.0994    40.4146   0.452694
76.1994    40.4598   0.452634
76.2994    40.5051   0.452575
76.3994    40.5503   0.452515
76.4994    40.5956   0.452456
76.5994    40.6408   0.452397
76.6994    40.6861   0.452338
76.7994    40.7313   0.452279
76.8994    40.7765   0.45222
76.9994    40.8217   0.452162
77.0994    40.867   0.452103
77.1994    40.9122   0.452045
77.2994    40.9574   0.451987
77.3994    41.0026   0.451929
77.4994    41.0478   0.451871
77.5994    41.0929   0.451813
77.6994    41.1381   0.451755
77.7994    41.1833   0.451698
77.8994    41.2285   0.45164
77.9994    41.2736   0.451583
78.0994    41.3188   0.451526
78.1994    41.3639   0.451468
78.2994    41.4091   0.451411
78.3994    41.4542   0.451355
78.4994    41.4993   0.451298
78.5994    41.5445   0.451241
78.6994    41.5896   0.451185
78.7994    41.6347   0.451128
78.8994    41.6798   0.451072
78.9994    41.7249   0.451016
79.0994    41.77   0.45096
79.1994    41.8151   0.450904
79.2994    41.8602   0.450848
79.3994    41.9053   0.450793
79.4994    41.9504   0.450737
79.5994    41.9954   0.450682
79.6994    42.0405   0.450627
79.7994    42.0855   0.450571
79.8994    42.1306   0.450516
79.9994    42.1757   0.450461
