0      1.5     0
0.1      1.39841     0.0668
0.2      1.29165     0.133377
0.3      1.17884     0.199358
0.4      1.05883     0.26416
0.5      0.930076     0.326834
0.6      0.790573     0.385786
0.7      0.637612     0.438212
0.8      0.467735     0.478937
0.9      0.277391     0.498062
1      0.0666994     0.477129
1.1      -0.14855     0.38926
1.2      -0.327844     0.225412
1.3      -0.459164     0.0229268
1.4      -0.586292     -0.19294
1.5      -0.71986     -0.413785
1.6      -0.850758     -0.631769
1.7      -0.97709     -0.845331
1.8      -1.09958     -1.055
1.9      -1.2191     -1.2615
2      -1.33637     -1.46548
2.1      -1.45186     -1.6674
2.2      -1.56594     -1.86761
2.3      -1.67888     -2.06641
2.4      -1.79087     -2.26401
2.5      -1.90206     -2.46058
2.6      -2.01259     -2.65625
2.7      -2.12253     -2.85114
2.8      -2.23196     -3.04533
2.9      -2.34095     -3.23892
3      -2.44955     -3.43197
3.1      -2.5578     -3.62451
3.2      -2.66574     -3.8166
3.3      -2.77341     -4.00831
3.4      -2.88081     -4.19962
3.5      -2.98799     -4.39061
3.6      -3.09495     -4.58128
3.7      -3.20173     -4.77167
3.8      -3.30832     -4.96178
3.9      -3.41476     -5.15165
4      -3.52103     -5.34128
4.1      -3.62716     -5.5307
4.2      -3.73317     -5.71992
4.3      -3.83905     -5.90896
4.4      -3.94482     -6.09781
4.5      -4.05048     -6.2865
4.6      -4.15604     -6.47502
4.7      -4.2615     -6.6634
4.8      -4.36688     -6.85164
4.9      -4.47216     -7.03975
5      -4.57737     -7.22772
5.1      -4.6825     -7.41559
5.2      -4.78756     -7.60332
5.3      -4.89255     -7.79096
5.4      -4.99748     -7.97849
5.5      -5.10234     -8.16592
5.6      -5.20715     -8.35326
5.7      -5.31192     -8.54054
5.8      -5.4166     -8.72768
5.9      -5.52123     -8.91472
6      -5.62585     -9.10176
6.1      -5.73036     -9.28861
6.2      -5.83487     -9.47547
6.3      -5.93932     -9.66223
6.4      -6.04377     -9.84898
6.5      -6.14811     -10.0356
6.6      -6.25244     -10.2221
6.7      -6.35678     -10.4087
6.8      -6.461     -10.5951
6.9      -6.56522     -10.7815
7      -6.66944     -10.9679
7.1      -6.77361     -11.1542
7.2      -6.87772     -11.3404
7.3      -6.98183     -11.5266
7.4      -7.08589     -11.7127
7.5      -7.18994     -11.8988
7.6      -7.29394     -12.0848
7.7      -7.39794     -12.2708
7.79999      -7.50188     -12.4568
7.89999      -7.60582     -12.6427
7.99999      -7.70971     -12.8285
8.09999      -7.8136     -13.0144
8.2      -7.91748     -13.2002
8.3      -8.02132     -13.386
8.4      -8.12515     -13.5717
8.5      -8.22893     -13.7574
8.6      -8.33271     -13.943
8.7      -8.43649     -14.1287
8.8      -8.54021     -14.3142
8.9      -8.64394     -14.4998
9      -8.74766     -14.6853
9.1      -8.85133     -14.8708
9.2      -8.955     -15.0563
9.3      -9.05867     -15.2418
9.4      -9.16229     -15.4271
9.5      -9.2659     -15.6125
9.6      -9.36951     -15.7979
9.7      -9.47307     -15.9832
9.8      -9.57663     -16.1685
9.9      -9.6802     -16.3538
10      -9.78376     -16.5391
10.1      -9.88727     -16.7243
10.2      -9.99077     -16.9095
10.3      -10.0943     -17.0947
10.4      -10.1978     -17.2799
10.5      -10.3012     -17.465
10.6      -10.4047     -17.6501
10.7      -10.5082     -17.8352
10.8      -10.6116     -18.0203
10.9      -10.715     -18.2053
11      -10.8185     -18.3904
11.1      -10.9219     -18.5754
11.2      -11.0253     -18.7604
11.3      -11.1286     -18.9454
11.4      -11.232     -19.1304
11.5      -11.3354     -19.3153
11.6      -11.4387     -19.5002
11.7      -11.5421     -19.6852
11.8      -11.6454     -19.87
11.9      -11.7487     -20.0549
12      -11.852     -20.2398
12.1      -11.9553     -20.4246
12.2      -12.0586     -20.6094
12.3      -12.1619     -20.7943
12.4      -12.2651     -20.979
12.5      -12.3684     -21.1639
12.6      -12.4717     -21.3486
12.7      -12.5749     -21.5334
12.8      -12.6782     -21.7181
12.9      -12.7814     -21.9028
13      -12.8846     -22.0875
13.1      -12.9879     -22.2722
13.2      -13.091     -22.4569
13.3      -13.1942     -22.6416
13.4      -13.2975     -22.8263
13.5      -13.4006     -23.0109
13.6      -13.5038     -23.1955
13.7      -13.607     -23.3802
13.8      -13.7101     -23.5648
13.9      -13.8133     -23.7494
14      -13.9165     -23.934
14.1      -14.0196     -24.1185
14.2      -14.1227     -24.3031
14.3      -14.2259     -24.4877
14.4      -14.329     -24.6722
14.5      -14.4321     -24.8567
14.6      -14.5352     -25.0413
14.7      -14.6383     -25.2258
14.8      -14.7415     -25.4103
14.9      -14.8446     -25.5948
15      -14.9477     -25.7793
15.1      -15.0507     -25.9638
15.2      -15.1538     -26.1483
15.3      -15.2569     -26.3326
15.4      -15.3599     -26.5171
15.5      -15.463     -26.7015
15.6      -15.5661     -26.886
15.7      -15.6691     -27.0704
15.8      -15.7721     -27.2548
15.9      -15.8752     -27.4392
16      -15.9782     -27.6235
16.1      -16.0812     -27.8079
16.2      -16.1843     -27.9923
16.3      -16.2873     -28.1767
16.4      -16.3903     -28.3611
16.5      -16.4933     -28.5454
16.6      -16.5964     -28.7298
16.7      -16.6993     -28.9141
16.8      -16.8023     -29.0984
16.9      -16.9053     -29.2827
17      -17.0083     -29.467
17.1      -17.1113     -29.6514
17.2      -17.2143     -29.8356
17.3      -17.3172     -30.0199
17.4      -17.4202     -30.2042
17.5      -17.5232     -30.3885
17.6      -17.6261     -30.5727
17.7      -17.7291     -30.757
17.8      -17.8321     -30.9412
17.9      -17.9351     -31.1255
18      -18.038     -31.3097
18.1      -18.1409     -31.4939
18.2      -18.2438     -31.6781
18.3      -18.3468     -31.8623
18.4      -18.4497     -32.0465
18.5      -18.5526     -32.2308
18.6      -18.6556     -32.415
18.7      -18.7585     -32.5992
18.8      -18.8614     -32.7834
18.9      -18.9643     -32.9675
19      -19.0672     -33.1517
19.1      -19.1701     -33.3358
19.2      -19.2731     -33.52
19.3      -19.3759     -33.7042
19.4      -19.4789     -33.8884
19.5      -19.5817     -34.0725
19.6      -19.6846     -34.2566
19.7      -19.7875     -34.4408
19.8      -19.8904     -34.6249
19.9      -19.9932     -34.809
20      -20.0961     -34.9931
20.1      -20.199     -35.1772
20.2      -20.3019     -35.3614
20.3      -20.4048     -35.5455
20.4      -20.5076     -35.7295
20.5      -20.6105     -35.9136
20.6      -20.7134     -36.0977
20.7      -20.8162     -36.2818
20.8      -20.9191     -36.4659
20.9      -21.0219     -36.6499
21      -21.1248     -36.834
21.1      -21.2276     -37.0181
21.2      -21.3305     -37.2021
21.3      -21.4333     -37.3861
21.4      -21.5361     -37.5702
21.5      -21.639     -37.7542
21.6      -21.7418     -37.9382
21.7      -21.8446     -38.1223
21.8      -21.9475     -38.3063
21.9      -22.0503     -38.4903
22      -22.1531     -38.6744
22.1      -22.256     -38.8584
22.2      -22.3587     -39.0423
22.3      -22.4616     -39.2264
22.4      -22.5644     -39.4104
22.5      -22.6672     -39.5943
22.6      -22.77     -39.7784
22.7001      -22.8728     -39.9623
22.8001      -22.9757     -40.1463
22.9001      -23.0784     -40.3303
23.0001      -23.1812     -40.5143
23.1001      -23.284     -40.6983
23.2001      -23.3868     -40.8822
23.3001      -23.4896     -41.0662
23.4001      -23.5924     -41.2502
23.5001      -23.6952     -41.4341
23.6001      -23.798     -41.6181
23.7001      -23.9008     -41.802
23.8001      -24.0035     -41.9859
23.9001      -24.1063     -42.1699
24.0001      -24.2091     -42.3538
24.1001      -24.3119     -42.5378
24.2001      -24.4146     -42.7217
24.3001      -24.5174     -42.9056
24.4001      -24.6202     -43.0895
24.5001      -24.7229     -43.2735
24.6001      -24.8257     -43.4574
24.7001      -24.9284     -43.6413
24.8001      -25.0312     -43.8252
24.9001      -25.1339     -44.0091
25.0001      -25.2367     -44.193
25.1001      -25.3395     -44.3769
25.2001      -25.4422     -44.5608
25.3001      -25.545     -44.7447
25.4001      -25.6477     -44.9286
25.5001      -25.7505     -45.1125
25.6001      -25.8532     -45.2963
25.7001      -25.9559     -45.4802
25.8001      -26.0587     -45.6641
25.9001      -26.1614     -45.848
26.0001      -26.2642     -46.0318
26.1001      -26.3669     -46.2157
26.2001      -26.4696     -46.3995
26.3001      -26.5724     -46.5834
26.4001      -26.6751     -46.7672
26.5001      -26.7778     -46.9511
26.6001      -26.8805     -47.135
26.7001      -26.9832     -47.3188
26.8001      -27.086     -47.5027
26.9001      -27.1887     -47.6865
27.0001      -27.2915     -47.8704
27.1001      -27.3942     -48.0542
27.2001      -27.4969     -48.238
27.3001      -27.5996     -48.4218
27.4001      -27.7023     -48.6057
27.5001      -27.805     -48.7895
27.6001      -27.9077     -48.9733
27.7001      -28.0104     -49.1572
27.8001      -28.1131     -49.3409
27.9001      -28.2159     -49.5248
28.0001      -28.3185     -49.7086
28.1001      -28.4213     -49.8924
28.2001      -28.524     -50.0762
28.3001      -28.6267     -50.26
28.4001      -28.7294     -50.4438
28.5001      -28.8321     -50.6276
28.6001      -28.9348     -50.8114
28.7001      -29.0374     -50.9952
28.8001      -29.1401     -51.179
28.9001      -29.2428     -51.3627
29.0001      -29.3455     -51.5466
29.1001      -29.4482     -51.7303
29.2001      -29.5509     -51.9141
29.3001      -29.6536     -52.0979
29.4001      -29.7562     -52.2816
29.5001      -29.8589     -52.4654
29.6001      -29.9616     -52.6492
29.7001      -30.0643     -52.8329
29.8001      -30.167     -53.0167
29.9001      -30.2696     -53.2005
30.0001      -30.3723     -53.3843
30.1001      -30.475     -53.568
30.2001      -30.5777     -53.7518
30.3001      -30.6803     -53.9355
30.4001      -30.783     -54.1193
30.5001      -30.8857     -54.3031
30.6001      -30.9883     -54.4868
30.7001      -31.091     -54.6705
30.8001      -31.1937     -54.8543
30.9001      -31.2964     -55.0381
31.0001      -31.399     -55.2217
31.1001      -31.5017     -55.4055
31.2001      -31.6043     -55.5892
31.3001      -31.707     -55.7729
31.4001      -31.8097     -55.9567
31.5001      -31.9123     -56.1404
31.6001      -32.015     -56.3241
31.7001      -32.1176     -56.5078
31.8001      -32.2203     -56.6916
31.9001      -32.3229     -56.8753
32.0001      -32.4256     -57.059
32.1001      -32.5282     -57.2427
32.2001      -32.6309     -57.4265
32.3001      -32.7335     -57.6101
32.4001      -32.8362     -57.7938
32.5001      -32.9388     -57.9776
32.6001      -33.0415     -58.1613
32.7001      -33.1441     -58.345
32.8001      -33.2467     -58.5286
32.9001      -33.3494     -58.7124
33.0001      -33.452     -58.8961
33.1001      -33.5547     -59.0798
33.2001      -33.6573     -59.2634
33.3001      -33.7599     -59.4471
33.4001      -33.8626     -59.6309
33.5001      -33.9652     -59.8145
33.6001      -34.0679     -59.9982
33.7001      -34.1705     -60.1819
33.8001      -34.2731     -60.3656
33.9001      -34.3758     -60.5493
34.0001      -34.4784     -60.7329
34.1001      -34.581     -60.9166
34.2001      -34.6836     -61.1003
34.3      -34.7863     -61.284
34.4      -34.8889     -61.4677
34.5      -34.9915     -61.6513
34.6      -35.0941     -61.8349
34.7      -35.1967     -62.0186
34.8      -35.2994     -62.2023
34.9      -35.402     -62.386
35      -35.5046     -62.5696
35.1      -35.6072     -62.7533
35.2      -35.7098     -62.9369
35.3      -35.8125     -63.1206
35.4      -35.9151     -63.3043
35.5      -36.0177     -63.4879
35.6      -36.1203     -63.6715
35.7      -36.2229     -63.8552
35.8      -36.3256     -64.0389
35.9      -36.4281     -64.2225
36      -36.5308     -64.4061
36.1      -36.6334     -64.5898
36.2      -36.736     -64.7734
36.3      -36.8386     -64.9571
36.4      -36.9411     -65.1407
36.5      -37.0438     -65.3244
36.6      -37.1464     -65.5079
36.7      -37.249     -65.6916
36.8      -37.3516     -65.8752
36.9      -37.4542     -66.0589
37      -37.5568     -66.2425
37.1      -37.6594     -66.4262
37.2      -37.762     -66.6097
37.3      -37.8646     -66.7934
37.4      -37.9672     -66.977
37.5      -38.0698     -67.1606
37.6      -38.1724     -67.3443
37.7      -38.275     -67.5279
37.8      -38.3776     -67.7115
37.9      -38.4802     -67.8951
38      -38.5828     -68.0787
38.1      -38.6853     -68.2623
38.2      -38.7879     -68.4459
38.3      -38.8905     -68.6296
38.4      -38.9931     -68.8132
38.5      -39.0957     -68.9968
38.6      -39.1983     -69.1804
38.7      -39.3009     -69.3639
38.8      -39.4035     -69.5475
38.9      -39.5061     -69.7312
39      -39.6086     -69.9148
39.1      -39.7112     -70.0984
39.2      -39.8138     -70.282
39.3      -39.9164     -70.4656
39.4      -40.019     -70.6492
39.5      -40.1215     -70.8328
39.6      -40.2241     -71.0164
39.7      -40.3267     -71.2
39.8      -40.4293     -71.3835
39.9      -40.5319     -71.5671
40      -40.6344     -71.7507
40.1      -40.737     -71.9343
40.2      -40.8396     -72.1179
40.3      -40.9422     -72.3015
40.4      -41.0448     -72.4851
40.5      -41.1473     -72.6686
40.6      -41.2499     -72.8522
40.7      -41.3525     -73.0358
40.7999      -41.455     -73.2193
40.8999      -41.5576     -73.4029
40.9999      -41.6602     -73.5865
41.0999      -41.7627     -73.7701
41.1999      -41.8653     -73.9537
41.2999      -41.9679     -74.1372
41.3999      -42.0704     -74.3208
41.4999      -42.173     -74.5044
41.5999      -42.2756     -74.688
41.6999      -42.3781     -74.8715
41.7999      -42.4807     -75.0551
41.8999      -42.5833     -75.2387
41.9999      -42.6859     -75.4222
42.0999      -42.7884     -75.6058
42.1999      -42.8909     -75.7893
42.2999      -42.9935     -75.9729
42.3999      -43.0961     -76.1564
42.4999      -43.1986     -76.34
42.5999      -43.3012     -76.5235
42.6999      -43.4038     -76.7071
42.7999      -43.5063     -76.8907
42.8999      -43.6089     -77.0742
42.9999      -43.7114     -77.2578
43.0999      -43.8139     -77.4413
43.1999      -43.9165     -77.6249
43.2999      -44.0191     -77.8084
43.3999      -44.1217     -77.992
43.4999      -44.2242     -78.1755
43.5999      -44.3268     -78.3591
43.6999      -44.4293     -78.5426
43.7999      -44.5319     -78.7262
43.8999      -44.6344     -78.9097
43.9999      -44.737     -79.0933
44.0999      -44.8395     -79.2768
44.1999      -44.9421     -79.4603
44.2999      -45.0446     -79.6438
44.3999      -45.1471     -79.8273
44.4999      -45.2497     -80.0109
44.5999      -45.3522     -80.1944
44.6999      -45.4548     -80.378
44.7999      -45.5573     -80.5615
44.8999      -45.6599     -80.745
44.9999      -45.7625     -80.9286
45.0999      -45.865     -81.1121
45.1999      -45.9675     -81.2956
45.2999      -46.07     -81.4791
45.3999      -46.1726     -81.6627
45.4999      -46.2751     -81.8462
45.5999      -46.3777     -82.0297
45.6999      -46.4802     -82.2133
45.7999      -46.5828     -82.3968
45.8999      -46.6853     -82.5803
45.9999      -46.7878     -82.7638
46.0999      -46.8904     -82.9473
46.1999      -46.993     -83.1309
46.2999      -47.0955     -83.3144
46.3999      -47.198     -83.4979
46.4999      -47.3005     -83.6814
46.5999      -47.403     -83.8649
46.6999      -47.5056     -84.0484
46.7999      -47.6081     -84.2319
46.8999      -47.7107     -84.4155
46.9999      -47.8132     -84.599
47.0999      -47.9158     -84.7825
47.1999      -48.0183     -84.966
47.2999      -48.1208     -85.1495
47.3998      -48.2234     -85.333
47.4998      -48.3259     -85.5165
47.5998      -48.4284     -85.7
47.6998      -48.5309     -85.8835
47.7998      -48.6334     -86.0671
47.8998      -48.736     -86.2505
47.9998      -48.8385     -86.434
48.0998      -48.941     -86.6175
48.1998      -49.0436     -86.801
48.2998      -49.1461     -86.9845
48.3998      -49.2484     -87.1677
48.4998      -49.3513     -87.3519
48.5998      -49.4538     -87.5352
48.6998      -49.5562     -87.7186
48.7998      -49.6586     -87.9019
48.8998      -49.761     -88.0852
48.9998      -49.8639     -88.2694
49.0998      -49.9664     -88.4527
49.1998      -50.0688     -88.6361
49.2998      -50.1713     -88.8194
49.3998      -50.2737     -89.0027
49.4998      -50.3766     -89.1869
49.5998      -50.4791     -89.3702
49.6998      -50.5815     -89.5536
49.7998      -50.6839     -89.7369
49.8998      -50.7863     -89.9202
49.9998      -50.8887     -90.1036
50.0998      -50.9916     -90.2878
50.1998      -51.0941     -90.4711
50.2998      -51.1965     -90.6544
50.3998      -51.299     -90.8377
50.4998      -51.4014     -91.0211
50.5998      -51.5039     -91.2044
50.6998      -51.6068     -91.3886
50.7998      -51.7092     -91.5719
50.8998      -51.8116     -91.7552
50.9998      -51.9141     -91.9386
51.0998      -52.0165     -92.1219
51.1998      -52.1194     -92.3061
51.2998      -52.2218     -92.4894
51.3998      -52.3242     -92.6728
51.4998      -52.4267     -92.8561
51.5998      -52.5291     -93.0394
51.6998      -52.6316     -93.2227
51.7998      -52.7345     -93.4069
51.8998      -52.8369     -93.5902
51.9998      -52.9394     -93.7736
52.0998      -53.0418     -93.9569
52.1998      -53.1442     -94.1402
52.2998      -53.2467     -94.3236
52.3998      -53.3491     -94.5069
52.4998      -53.452     -94.6911
52.5998      -53.5544     -94.8744
52.6998      -53.6568     -95.0578
52.7998      -53.7592     -95.2411
52.8998      -53.8617     -95.4244
52.9998      -53.9641     -95.6077
53.0998      -54.0671     -95.7919
53.1998      -54.1695     -95.9752
53.2998      -54.272     -96.1586
53.3998      -54.3744     -96.3419
53.4998      -54.4768     -96.5252
53.5998      -54.5793     -96.7085
53.6998      -54.6817     -96.8919
53.7998      -54.7846     -97.0761
53.8997      -54.887     -97.2594
53.9997      -54.9894     -97.4427
54.0997      -55.0919     -97.6261
54.1997      -55.1943     -97.8094
54.2997      -55.2967     -97.9927
54.3997      -55.3991     -98.1761
54.4997      -55.502     -98.3603
54.5997      -55.6045     -98.5436
54.6997      -55.7069     -98.7269
54.7997      -55.8094     -98.9102
54.8997      -55.9118     -99.0935
54.9997      -56.0143     -99.2769
55.0997      -56.1167     -99.4602
55.1997      -56.2196     -99.6444
55.2997      -56.322     -99.8277
55.3997      -56.4245     -100.011
55.4997      -56.5269     -100.194
55.5997      -56.6293     -100.378
55.6997      -56.7317     -100.561
55.7997      -56.8342     -100.744
55.8997      -56.9371     -100.929
55.9997      -57.0395     -101.112
56.0997      -57.1419     -101.295
56.1997      -57.2443     -101.479
56.2997      -57.3468     -101.662
56.3997      -57.4492     -101.845
56.4997      -57.5517     -102.029
56.5997      -57.6541     -102.212
56.6997      -57.757     -102.396
56.7997      -57.8595     -102.579
56.8997      -57.9619     -102.763
56.9997      -58.0644     -102.946
57.0997      -58.1668     -103.129
57.1997      -58.2692     -103.313
57.2997      -58.3716     -103.496
57.3997      -58.474     -103.679
57.4997      -58.577     -103.864
57.5997      -58.6794     -104.047
57.6997      -58.7818     -104.23
57.7997      -58.8842     -104.414
57.8997      -58.9866     -104.597
57.9997      -59.089     -104.78
58.0997      -59.1915     -104.964
58.1997      -59.2939     -105.147
58.2997      -59.3964     -105.33
58.3997      -59.4993     -105.514
58.4997      -59.6017     -105.698
58.5997      -59.7042     -105.881
58.6997      -59.8066     -106.064
58.7997      -59.9091     -106.248
58.8997      -60.0115     -106.431
58.9997      -60.1139     -106.614
59.0997      -60.2164     -106.798
59.1997      -60.3188     -106.981
59.2997      -60.4217     -107.165
59.3997      -60.5241     -107.348
59.4997      -60.6265     -107.532
59.5997      -60.729     -107.715
59.6997      -60.8314     -107.898
59.7997      -60.9338     -108.082
59.8997      -61.0362     -108.265
59.9997      -61.1386     -108.449
60.0997      -61.241     -108.632
60.1997      -61.3439     -108.816
60.2997      -61.4464     -108.999
60.3997      -61.5488     -109.183
60.4996      -61.6513     -109.366
60.5996      -61.7537     -109.549
60.6996      -61.8562     -109.733
60.7996      -61.9586     -109.916
60.8996      -62.0611     -110.099
60.9996      -62.1635     -110.283
61.0996      -62.2659     -110.466
61.1996      -62.3688     -110.65
61.2996      -62.4713     -110.833
61.3996      -62.5737     -111.017
61.4996      -62.6761     -111.2
61.5996      -62.7786     -111.383
61.6996      -62.881     -111.567
61.7996      -62.9834     -111.75
61.8996      -63.0858     -111.933
61.9996      -63.1882     -112.117
62.0996      -63.2906     -112.3
62.1996      -63.393     -112.483
62.2996      -63.4959     -112.668
62.3996      -63.5983     -112.851
62.4996      -63.7008     -113.034
62.5996      -63.8032     -113.218
62.6996      -63.9057     -113.401
62.7996      -64.0081     -113.584
62.8996      -64.1106     -113.768
62.9996      -64.213     -113.951
63.0996      -64.3155     -114.134
63.1996      -64.4179     -114.318
63.2996      -64.5204     -114.501
63.3996      -64.6228     -114.684
63.4996      -64.7257     -114.868
63.5996      -64.8282     -115.052
63.6996      -64.9306     -115.235
63.7996      -65.033     -115.418
63.8996      -65.1354     -115.602
63.9996      -65.2379     -115.785
64.0996      -65.3403     -115.968
64.1996      -65.4427     -116.152
64.2996      -65.5451     -116.335
64.3996      -65.6475     -116.518
64.4996      -65.75     -116.702
64.5996      -65.8524     -116.885
64.6996      -65.9553     -117.069
64.7996      -66.0577     -117.253
64.8996      -66.1601     -117.436
64.9996      -66.2625     -117.619
65.0996      -66.3649     -117.803
65.1996      -66.4674     -117.986
65.2996      -66.5698     -118.169
65.3996      -66.6723     -118.352
65.4996      -66.7747     -118.536
65.5996      -66.8772     -118.719
65.6996      -66.9796     -118.902
65.7996      -67.0821     -119.086
65.8996      -67.1845     -119.269
65.9996      -67.287     -119.452
66.0996      -67.3894     -119.636
66.1996      -67.4923     -119.82
66.2996      -67.5948     -120.003
66.3996      -67.6972     -120.187
66.4996      -67.7996     -120.37
66.5996      -67.902     -120.553
66.6996      -68.0045     -120.737
66.7996      -68.1069     -120.92
66.8996      -68.2093     -121.103
66.9995      -68.3117     -121.287
67.0995      -68.4142     -121.47
67.1995      -68.5166     -121.653
67.2995      -68.619     -121.837
67.3995      -68.7214     -122.02
67.4995      -68.8238     -122.203
67.5995      -68.9262     -122.387
67.6995      -69.0291     -122.571
67.7995      -69.1315     -122.754
67.8995      -69.2339     -122.937
67.9995      -69.3363     -123.121
68.0995      -69.4388     -123.304
68.1995      -69.5413     -123.487
68.2995      -69.6437     -123.671
68.3995      -69.7462     -123.854
68.4995      -69.8486     -124.037
68.5995      -69.9511     -124.221
68.6995      -70.0535     -124.404
68.7995      -70.1559     -124.587
68.8995      -70.2584     -124.771
68.9995      -70.3608     -124.954
69.0995      -70.4633     -125.137
69.1995      -70.5657     -125.321
69.2995      -70.6682     -125.504
69.3995      -70.7706     -125.687
69.4995      -70.873     -125.871
69.5995      -70.9759     -126.055
69.6995      -71.0784     -126.238
69.7995      -71.1808     -126.421
69.8995      -71.2832     -126.605
69.9995      -71.3857     -126.788
70.0995      -71.4881     -126.971
70.1995      -71.5905     -127.155
70.2995      -71.6929     -127.338
70.3995      -71.7953     -127.521
70.4995      -71.8978     -127.705
70.5995      -72.0002     -127.888
70.6995      -72.1026     -128.071
70.7995      -72.205     -128.255
70.8995      -72.3074     -128.438
70.9995      -72.4098     -128.621
71.0995      -72.5122     -128.805
71.1995      -72.6146     -128.988
71.2995      -72.717     -129.171
71.3995      -72.8194     -129.355
71.4995      -72.9218     -129.538
71.5995      -73.0243     -129.721
71.6995      -73.1267     -129.905
71.7995      -73.2292     -130.088
71.8995      -73.3321     -130.272
71.9995      -73.4346     -130.456
72.0995      -73.537     -130.639
72.1995      -73.6395     -130.822
72.2995      -73.7419     -131.005
72.3995      -73.8444     -131.189
72.4995      -73.9468     -131.372
72.5995      -74.0493     -131.555
72.6995      -74.1517     -131.739
72.7995      -74.2542     -131.922
72.8995      -74.3566     -132.105
72.9995      -74.459     -132.289
73.0995      -74.5615     -132.472
73.1995      -74.6639     -132.655
73.2995      -74.7663     -132.839
73.3995      -74.8688     -133.022
73.4995      -74.9712     -133.205
73.5994      -75.0736     -133.389
73.6994      -75.176     -133.572
73.7994      -75.2785     -133.755
73.8994      -75.3809     -133.939
73.9994      -75.4833     -134.122
74.0994      -75.5857     -134.305
74.1994      -75.6882     -134.489
74.2994      -75.7906     -134.672
74.3994      -75.893     -134.855
74.4994      -75.9954     -135.039
74.5994      -76.0978     -135.222
74.6994      -76.2002     -135.405
74.7994      -76.3031     -135.59
74.8994      -76.4055     -135.773
74.9994      -76.5079     -135.956
75.0994      -76.6103     -136.14
75.1994      -76.7127     -136.323
75.2994      -76.8151     -136.506
75.3994      -76.9175     -136.69
75.4994      -77.0199     -136.873
75.5994      -77.1224     -137.056
75.6994      -77.2249     -137.24
75.7994      -77.3273     -137.423
75.8994      -77.4298     -137.606
75.9994      -77.5322     -137.789
76.0994      -77.6347     -137.973
76.1994      -77.7371     -138.156
76.2994      -77.8396     -138.339
76.3994      -77.942     -138.523
76.4994      -78.0445     -138.706
76.5994      -78.1469     -138.889
76.6994      -78.2494     -139.073
76.7994      -78.3518     -139.256
76.8994      -78.4543     -139.439
76.9994      -78.5567     -139.623
77.0994      -78.6591     -139.806
77.1994      -78.7616     -139.989
77.2994      -78.864     -140.173
77.3994      -78.9665     -140.356
77.4994      -79.0689     -140.539
77.5994      -79.1713     -140.723
77.6994      -79.2738     -140.906
77.7994      -79.3762     -141.089
77.8994      -79.4786     -141.273
77.9994      -79.581     -141.456
78.0994      -79.6835     -141.639
78.1994      -79.7859     -141.823
78.2994      -79.8883     -142.006
78.3994      -79.9907     -142.189
78.4994      -80.0932     -142.373
78.5994      -80.1956     -142.556
78.6994      -80.298     -142.739
78.7994      -80.4004     -142.923
78.8994      -80.5028     -143.106
78.9994      -80.6053     -143.289
79.0994      -80.7077     -143.473
79.1994      -80.8101     -143.656
79.2994      -80.9125     -143.839
79.3994      -81.0149     -144.023
79.4994      -81.1173     -144.206
79.5994      -81.2197     -144.389
79.6994      -81.3221     -144.573
79.7994      -81.4245     -144.756
79.8994      -81.5269     -144.939
79.9994      -81.6293     -145.123
