0      1.5     0
0.1      1.39766     0.0668024
0.2      1.29018     0.133383
0.3      1.17673     0.199376
0.4      1.05625     0.264218
0.5      0.927447     0.327023
0.6      0.788646     0.38635
0.7      0.637851     0.439806
0.8      0.472925     0.483341
0.9      0.292619     0.510286
1      0.0993319     0.511322
1.1      -0.0979071     0.478933
1.2      -0.287736     0.413553
1.3      -0.460968     0.320285
1.4      -0.611079     0.208345
1.5      -0.73854     0.0877332
1.6      -0.847506     -0.0353157
1.7      -0.942156     -0.157782
1.8      -1.02573     -0.278348
1.9      -1.10063     -0.396505
2      -1.16855     -0.512106
2.1      -1.2308     -0.625182
2.2      -1.28835     -0.73584
2.3      -1.34193     -0.844207
2.4      -1.39214     -0.950436
2.5      -1.43944     -1.05466
2.6      -1.48419     -1.15701
2.7      -1.52672     -1.25762
2.8      -1.56728     -1.35659
2.9      -1.60608     -1.45404
3      -1.64329     -1.55004
3.1      -1.67909     -1.6447
3.2      -1.71359     -1.73809
3.3      -1.74691     -1.83028
3.4      -1.77915     -1.92134
3.5      -1.8104     -2.01132
3.6      -1.84074     -2.10029
3.7      -1.87023     -2.18829
3.8      -1.89895     -2.27538
3.9      -1.92693     -2.36158
4      -1.95423     -2.44696
4.1      -1.98089     -2.53154
4.2      -2.00696     -2.61535
4.3      -2.03247     -2.69844
4.4      -2.05746     -2.78082
4.5      -2.08194     -2.86253
4.6      -2.10596     -2.94359
4.7      -2.12953     -3.02404
4.8      -2.15268     -3.10388
4.9      -2.17543     -3.18315
5      -2.1978     -3.26186
5.1      -2.21982     -3.34004
5.2      -2.24149     -3.4177
5.3      -2.26283     -3.49486
5.4      -2.28385     -3.57153
5.5      -2.30458     -3.64774
5.6      -2.32502     -3.72349
5.7      -2.34518     -3.7988
5.8      -2.36508     -3.87368
5.9      -2.38473     -3.94815
6      -2.40414     -4.02222
6.1      -2.42331     -4.09589
6.2      -2.44226     -4.16919
6.3      -2.46099     -4.24211
6.4      -2.47951     -4.31468
6.5      -2.49783     -4.3869
6.6      -2.51595     -4.45876
6.7      -2.5339     -4.53031
6.8      -2.55166     -4.60153
6.9      -2.56924     -4.67243
7      -2.58666     -4.74303
7.1      -2.6039     -4.81332
7.2      -2.62099     -4.88332
7.3      -2.63793     -4.95303
7.4      -2.65472     -5.02246
7.5      -2.67136     -5.09162
7.6      -2.68786     -5.16051
7.7      -2.70423     -5.22914
7.79999      -2.72047     -5.29752
7.89999      -2.73657     -5.36563
7.99999      -2.75255     -5.43351
8.09999      -2.76841     -5.50115
8.2      -2.78415     -5.56855
8.3      -2.79977     -5.63571
8.4      -2.81528     -5.70266
8.5      -2.83068     -5.76938
8.6      -2.84598     -5.83588
8.7      -2.86117     -5.90217
8.8      -2.87626     -5.96826
8.9      -2.89126     -6.03414
9      -2.90615     -6.09981
9.1      -2.92095     -6.16529
9.2      -2.93566     -6.23057
9.3      -2.95028     -6.29566
9.4      -2.96481     -6.36056
9.5      -2.97925     -6.42529
9.6      -2.99362     -6.48983
9.7      -3.00789     -6.55418
9.8      -3.0221     -6.61838
9.9      -3.03622     -6.68239
10      -3.05026     -6.74624
10.1      -3.06423     -6.80991
10.2      -3.07813     -6.87343
10.3      -3.09195     -6.93679
10.4      -3.1057     -6.99998
10.5      -3.11939     -7.06303
10.6      -3.133     -7.12592
10.7      -3.14655     -7.18865
10.8      -3.16004     -7.25124
10.9      -3.17346     -7.31368
11      -3.18681     -7.37598
11.1      -3.20011     -7.43814
11.2      -3.21335     -7.50014
11.3      -3.22653     -7.56203
11.4      -3.23964     -7.62376
11.5      -3.25271     -7.68537
11.6      -3.26571     -7.74685
11.7      -3.27866     -7.80819
11.8      -3.29156     -7.86941
11.9      -3.3044     -7.93049
12      -3.3172     -7.99146
12.1      -3.32994     -8.0523
12.2      -3.34263     -8.11302
12.3      -3.35527     -8.17362
12.4      -3.36786     -8.2341
12.5      -3.3804     -8.29446
12.6      -3.3929     -8.35471
12.7      -3.40535     -8.41485
12.8      -3.41776     -8.47486
12.9      -3.43012     -8.53478
13      -3.44243     -8.59457
13.1      -3.45471     -8.65426
13.2      -3.46694     -8.71385
13.3      -3.47913     -8.77333
13.4      -3.49127     -8.83271
13.5      -3.50338     -8.89198
13.6      -3.51545     -8.95115
13.7      -3.52747     -9.01022
13.8      -3.53946     -9.06919
13.9      -3.55141     -9.12806
14      -3.56332     -9.18683
14.1      -3.5752     -9.24552
14.2      -3.58703     -9.3041
14.3      -3.59882     -9.36255
14.4      -3.61061     -9.42101
14.5      -3.62233     -9.47927
14.6      -3.63404     -9.53752
14.7      -3.64571     -9.59567
14.8      -3.65731     -9.65363
14.9      -3.6689     -9.71158
15      -3.68049     -9.76951
15.1      -3.69201     -9.82726
15.2      -3.70352     -9.88499
15.3      -3.71496     -9.94253
15.4      -3.72641     -10.0001
15.5      -3.7378     -10.0575
15.6      -3.7492     -10.1149
15.7      -3.76052     -10.1721
15.8      -3.77185     -10.2294
15.9      -3.78313     -10.2865
16      -3.79438     -10.3435
16.1      -3.80562     -10.4005
16.2      -3.81683     -10.4574
16.3      -3.828     -10.5142
16.4      -3.83914     -10.5709
16.5      -3.85023     -10.6276
16.6      -3.86133     -10.6842
16.7      -3.87242     -10.7407
16.8      -3.88345     -10.7971
16.9      -3.89447     -10.8535
17      -3.90545     -10.9098
17.1      -3.9164     -10.966
17.2      -3.92735     -11.0222
17.3      -3.93827     -11.0783
17.4      -3.94914     -11.1343
17.5      -3.96002     -11.1903
17.6      -3.97086     -11.2462
17.7      -3.9817     -11.302
17.8      -3.9925     -11.3578
17.9      -4.00327     -11.4135
18      -4.014     -11.4691
18.1      -4.02473     -11.5246
18.2      -4.03546     -11.5802
18.3      -4.04612     -11.6356
18.4      -4.05678     -11.6909
18.5      -4.06744     -11.7463
18.6      -4.07806     -11.8016
18.7      -4.08865     -11.8567
18.8      -4.09924     -11.9119
18.9      -4.10979     -11.967
19      -4.12034     -12.022
19.1      -4.13086     -12.077
19.2      -4.14134     -12.1318
19.3      -4.15182     -12.1867
19.4      -4.16227     -12.2414
19.5      -4.17271     -12.2962
19.6      -4.18312     -12.3508
19.7      -4.19354     -12.4055
19.8      -4.20391     -12.46
19.9      -4.21429     -12.5146
20      -4.22463     -12.569
20.1      -4.23494     -12.6234
20.2      -4.24525     -12.6777
20.3      -4.25556     -12.732
20.4      -4.26583     -12.7863
20.5      -4.27607     -12.8404
20.6      -4.28631     -12.8945
20.7      -4.29655     -12.9487
20.8      -4.30676     -13.0027
20.9      -4.31694     -13.0566
21      -4.32711     -13.1106
21.1      -4.33728     -13.1645
21.2      -4.34742     -13.2183
21.3      -4.35752     -13.2721
21.4      -4.36766     -13.3259
21.5      -4.37773     -13.3795
21.6      -4.38781     -13.4331
21.7      -4.39788     -13.4868
21.8      -4.40792     -13.5403
21.9      -4.41796     -13.5938
22      -4.42796     -13.6472
22.1      -4.43796     -13.7006
22.2      -4.44794     -13.754
22.3      -4.45791     -13.8073
22.4      -4.46788     -13.8606
22.5      -4.47782     -13.9138
22.6      -4.48776     -13.967
22.7001      -4.49766     -14.0201
22.8001      -4.50757     -14.0732
22.9001      -4.51744     -14.1263
23.0001      -4.52731     -14.1793
23.1001      -4.53716     -14.2322
23.2001      -4.547     -14.2851
23.3001      -4.55684     -14.338
23.4001      -4.56665     -14.3908
23.5001      -4.57646     -14.4436
23.6001      -4.58627     -14.4964
23.7001      -4.59604     -14.5491
23.8001      -4.60578     -14.6017
23.9001      -4.61553     -14.6543
24.0001      -4.62527     -14.7069
24.1001      -4.63502     -14.7595
24.2001      -4.64473     -14.812
24.3001      -4.65441     -14.8644
24.4001      -4.66413     -14.9169
24.5001      -4.6738     -14.9693
24.6001      -4.68345     -15.0216
24.7001      -4.6931     -15.0739
24.8001      -4.70275     -15.1262
24.9001      -4.71236     -15.1784
25.0001      -4.72198     -15.2306
25.1001      -4.73159     -15.2828
25.2001      -4.74117     -15.3349
25.3001      -4.75076     -15.387
25.4001      -4.76035     -15.4391
25.5001      -4.7699     -15.4911
25.6001      -4.77945     -15.5431
25.7001      -4.78897     -15.595
25.8001      -4.79849     -15.6468
25.9001      -4.80802     -15.6987
26.0001      -4.81754     -15.7506
26.1001      -4.82703     -15.8024
26.2001      -4.83649     -15.8541
26.3001      -4.84598     -15.9059
26.4001      -4.85544     -15.9576
26.5001      -4.8649     -16.0092
26.6001      -4.87433     -16.0608
26.7001      -4.88376     -16.1124
26.8001      -4.89319     -16.164
26.9001      -4.90258     -16.2155
27.0001      -4.91198     -16.267
27.1001      -4.92138     -16.3184
27.2001      -4.93074     -16.3698
27.3001      -4.94011     -16.4212
27.4001      -4.94948     -16.4726
27.5001      -4.95884     -16.524
27.6001      -4.96818     -16.5752
27.7001      -4.97752     -16.6265
27.8001      -4.98683     -16.6777
27.9001      -4.99613     -16.7289
28.0001      -5.00544     -16.7801
28.1001      -5.01474     -16.8312
28.2001      -5.02402     -16.8823
28.3001      -5.0333     -16.9334
28.4001      -5.04257     -16.9845
28.5001      -5.05182     -17.0354
28.6001      -5.06107     -17.0864
28.7001      -5.07032     -17.1374
28.8001      -5.07953     -17.1882
28.9001      -5.08878     -17.2392
29.0001      -5.09797     -17.29
29.1001      -5.10718     -17.3409
29.2001      -5.11636     -17.3916
29.3001      -5.12555     -17.4424
29.4001      -5.13474     -17.4932
29.5001      -5.14392     -17.5439
29.6001      -5.15308     -17.5946
29.7001      -5.16223     -17.6453
29.8001      -5.17136     -17.6959
29.9001      -5.18052     -17.7465
30.0001      -5.18964     -17.7971
30.1001      -5.19874     -17.8476
30.2001      -5.20786     -17.8981
30.3001      -5.21696     -17.9486
30.4001      -5.22606     -17.9991
30.5001      -5.23516     -18.0495
30.6001      -5.24422     -18.0999
30.7001      -5.25329     -18.1502
30.8001      -5.26236     -18.2006
30.9001      -5.27142     -18.251
31.0001      -5.28046     -18.3012
31.1001      -5.2895     -18.3515
31.2001      -5.29854     -18.4018
31.3001      -5.30758     -18.452
31.4001      -5.3166     -18.5022
31.5001      -5.32561     -18.5523
31.6001      -5.33462     -18.6025
31.7001      -5.3436     -18.6526
31.8001      -5.3526     -18.7027
31.9001      -5.36158     -18.7528
32.0001      -5.37056     -18.8029
32.1001      -5.37951     -18.8528
32.2001      -5.38849     -18.9029
32.3001      -5.39745     -18.9528
32.4001      -5.40637     -19.0027
32.5001      -5.41532     -19.0527
32.6001      -5.42424     -19.1025
32.7001      -5.43317     -19.1524
32.8001      -5.44209     -19.2022
32.9001      -5.45101     -19.2521
33.0001      -5.4599     -19.3018
33.1001      -5.4688     -19.3516
33.2001      -5.47769     -19.4014
33.3001      -5.48658     -19.4511
33.4001      -5.49545     -19.5008
33.5001      -5.50434     -19.5505
33.6001      -5.51321     -19.6002
33.7001      -5.52204     -19.6497
33.8001      -5.53091     -19.6994
33.9001      -5.53974     -19.7489
34.0001      -5.54858     -19.7985
34.1001      -5.55742     -19.848
34.2001      -5.56626     -19.8976
34.3      -5.57506     -19.9471
34.4      -5.58387     -19.9965
34.5      -5.59268     -20.046
34.6      -5.60149     -20.0954
34.7      -5.6103     -20.1449
34.8      -5.61908     -20.1942
34.9      -5.62786     -20.2436
35      -5.63664     -20.2929
35.1      -5.64539     -20.3422
35.2      -5.65418     -20.3915
35.3      -5.66293     -20.4408
35.4      -5.67168     -20.49
35.5      -5.68043     -20.5393
35.6      -5.68918     -20.5885
35.7      -5.6979     -20.6377
35.8      -5.70663     -20.6868
35.9      -5.71536     -20.736
36      -5.72409     -20.7851
36.1      -5.73279     -20.8342
36.2      -5.74151     -20.8833
36.3      -5.75021     -20.9324
36.4      -5.7589     -20.9814
36.5      -5.7676     -21.0305
36.6      -5.77627     -21.0794
36.7      -5.78497     -21.1284
36.8      -5.79363     -21.1774
36.9      -5.8023     -21.2263
37      -5.81095     -21.2752
37.1      -5.81962     -21.3241
37.2      -5.82826     -21.373
37.3      -5.83693     -21.4219
37.4      -5.84555     -21.4707
37.5      -5.85419     -21.5195
37.6      -5.86283     -21.5684
37.7      -5.87144     -21.6171
37.8      -5.88005     -21.6659
37.9      -5.88867     -21.7146
38      -5.89729     -21.7633
38.1      -5.9059     -21.8121
38.2      -5.91448     -21.8607
38.3      -5.92309     -21.9095
38.4      -5.93168     -21.9581
38.5      -5.94028     -22.0068
38.6      -5.94883     -22.0553
38.7      -5.95742     -22.104
38.8      -5.96598     -22.1525
38.9      -5.97454     -22.201
39      -5.9831     -22.2496
39.1      -5.99166     -22.2981
39.2      -6.00021     -22.3467
39.3      -6.00874     -22.3951
39.4      -6.0173     -22.4437
39.5      -6.02583     -22.4921
39.6      -6.03436     -22.5405
39.7      -6.04287     -22.5889
39.8      -6.0514     -22.6373
39.9      -6.05991     -22.6857
40      -6.06841     -22.734
40.1      -6.07691     -22.7824
40.2      -6.08542     -22.8307
40.3      -6.09393     -22.879
40.4      -6.10243     -22.9274
40.5      -6.11091     -22.9756
40.6      -6.11939     -23.0239
40.7      -6.12787     -23.0721
40.7999      -6.13635     -23.1203
40.8999      -6.14482     -23.1686
40.9999      -6.15328     -23.2167
41.0999      -6.16175     -23.265
41.1999      -6.17021     -23.3131
41.2999      -6.17866     -23.3612
41.3999      -6.18712     -23.4094
41.4999      -6.19554     -23.4574
41.5999      -6.20399     -23.5056
41.6999      -6.21241     -23.5536
41.7999      -6.22084     -23.6016
41.8999      -6.22927     -23.6497
41.9999      -6.23769     -23.6977
42.0999      -6.24611     -23.7457
42.1999      -6.25454     -23.7938
42.2999      -6.26293     -23.8417
42.3999      -6.27134     -23.8897
42.4999      -6.27974     -23.9376
42.5999      -6.28813     -23.9855
42.6999      -6.29653     -24.0335
42.7999      -6.30493     -24.0814
42.8999      -6.3133     -24.1292
42.9999      -6.32171     -24.1772
43.0999      -6.33008     -24.225
43.1999      -6.33845     -24.2729
43.2999      -6.34682     -24.3207
43.3999      -6.35517     -24.3684
43.4999      -6.36354     -24.4163
43.5999      -6.37188     -24.464
43.6999      -6.38022     -24.5117
43.7999      -6.3886     -24.5596
43.8999      -6.39692     -24.6072
43.9999      -6.40526     -24.655
44.0999      -6.4136     -24.7027
44.1999      -6.42193     -24.7503
44.2999      -6.43027     -24.7981
44.3999      -6.43859     -24.8457
44.4999      -6.44691     -24.8933
44.5999      -6.45522     -24.941
44.6999      -6.46355     -24.9886
44.7999      -6.47184     -25.0361
44.8999      -6.48016     -25.0838
44.9999      -6.48846     -25.1313
45.0999      -6.49675     -25.1788
45.1999      -6.50506     -25.2265
45.2999      -6.51333     -25.2739
45.3999      -6.52163     -25.3214
45.4999      -6.52993     -25.369
45.5999      -6.53819     -25.4164
45.6999      -6.54649     -25.464
45.7999      -6.55475     -25.5114
45.8999      -6.56302     -25.5588
45.9999      -6.57128     -25.6063
46.0999      -6.57954     -25.6537
46.1999      -6.58779     -25.701
46.2999      -6.59606     -25.7485
46.3999      -6.60431     -25.7958
46.4999      -6.61258     -25.8432
46.5999      -6.62082     -25.8906
46.6999      -6.62906     -25.9379
46.7999      -6.63731     -25.9852
46.8999      -6.64552     -26.0325
46.9999      -6.65377     -26.0798
47.0999      -6.66198     -26.127
47.1999      -6.67022     -26.1744
47.2999      -6.67844     -26.2216
47.3998      -6.68665     -26.2688
47.4998      -6.69487     -26.3161
47.5998      -6.70308     -26.3633
47.6998      -6.71127     -26.4104
47.7998      -6.71949     -26.4577
47.8998      -6.72768     -26.5048
47.9998      -6.73589     -26.552
48.0998      -6.74408     -26.5991
48.1998      -6.75228     -26.6463
48.2998      -6.76047     -26.6934
48.3998      -6.76863     -26.7404
48.4998      -6.77683     -26.7876
48.5998      -6.78502     -26.8347
48.6998      -6.79319     -26.8817
48.7998      -6.80136     -26.9288
48.8998      -6.80953     -26.9758
48.9998      -6.8177     -27.0228
49.0998      -6.82586     -27.0699
49.1998      -6.83402     -27.1169
49.2998      -6.84218     -27.1639
49.3998      -6.85032     -27.2109
49.4998      -6.85848     -27.2579
49.5998      -6.86662     -27.3048
49.6998      -6.87476     -27.3518
49.7998      -6.88291     -27.3987
49.8998      -6.89105     -27.4456
49.9998      -6.8992     -27.4925
50.0998      -6.90731     -27.5394
50.1998      -6.91544     -27.5863
50.2998      -6.92356     -27.6331
50.3998      -6.93169     -27.6801
50.4998      -6.93981     -27.7269
50.5998      -6.94793     -27.7737
50.6998      -6.95605     -27.8206
50.7998      -6.96416     -27.8674
50.8998      -6.97227     -27.9142
50.9998      -6.98036     -27.961
51.0998      -6.98847     -28.0078
51.1998      -6.99657     -28.0545
51.2998      -7.00466     -28.1012
51.3998      -7.01277     -28.1481
51.4998      -7.02086     -28.1948
51.5998      -7.02892     -28.2414
51.6998      -7.03702     -28.2882
51.7998      -7.04511     -28.3349
51.8998      -7.0532     -28.3816
51.9998      -7.06126     -28.4283
52.0998      -7.06932     -28.4749
52.1998      -7.07742     -28.5216
52.2998      -7.08549     -28.5682
52.3998      -7.09355     -28.6149
52.4998      -7.10161     -28.6615
52.5998      -7.10965     -28.708
52.6998      -7.11772     -28.7547
52.7998      -7.12578     -28.8013
52.8998      -7.13382     -28.8478
52.9998      -7.14189     -28.8944
53.0998      -7.14993     -28.941
53.1998      -7.15796     -28.9875
53.2998      -7.166     -29.034
53.3998      -7.17404     -29.0806
53.4998      -7.18209     -29.1271
53.5998      -7.1901     -29.1735
53.6998      -7.19814     -29.2201
53.7998      -7.20616     -29.2665
53.8997      -7.2142     -29.313
53.9997      -7.22221     -29.3594
54.0997      -7.23023     -29.4059
54.1997      -7.23825     -29.4523
54.2997      -7.24626     -29.4987
54.3997      -7.25427     -29.5452
54.4997      -7.26229     -29.5916
54.5997      -7.2703     -29.638
54.6997      -7.27829     -29.6843
54.7997      -7.28631     -29.7308
54.8997      -7.2943     -29.7771
54.9997      -7.30229     -29.8234
55.0997      -7.31028     -29.8698
55.1997      -7.31828     -29.9161
55.2997      -7.32627     -29.9624
55.3997      -7.33426     -30.0087
55.4997      -7.34226     -30.0551
55.5997      -7.35022     -30.1013
55.6997      -7.35821     -30.1476
55.7997      -7.36618     -30.1938
55.8997      -7.37417     -30.2402
55.9997      -7.38214     -30.2864
56.0997      -7.39011     -30.3326
56.1997      -7.39808     -30.3789
56.2997      -7.40604     -30.4251
56.3997      -7.414     -30.4713
56.4997      -7.42197     -30.5175
56.5997      -7.42991     -30.5637
56.6997      -7.43787     -30.6099
56.7997      -7.44582     -30.656
56.8997      -7.45376     -30.7022
56.9997      -7.46173     -30.7484
57.0997      -7.46967     -30.7945
57.1997      -7.47761     -30.8406
57.2997      -7.48555     -30.8868
57.3997      -7.49349     -30.9329
57.4997      -7.50143     -30.979
57.5997      -7.50935     -31.025
57.6997      -7.51728     -31.0712
57.7997      -7.5252     -31.1172
57.8997      -7.53315     -31.1633
57.9997      -7.54106     -31.2094
58.0997      -7.54898     -31.2554
58.1997      -7.55689     -31.3014
58.2997      -7.56481     -31.3474
58.3997      -7.57273     -31.3935
58.4997      -7.58064     -31.4395
58.5997      -7.58856     -31.4855
58.6997      -7.59645     -31.5315
58.7997      -7.60437     -31.5775
58.8997      -7.61226     -31.6234
58.9997      -7.62017     -31.6694
59.0997      -7.62807     -31.7154
59.1997      -7.63596     -31.7613
59.2997      -7.64386     -31.8072
59.3997      -7.65175     -31.8531
59.4997      -7.65964     -31.8991
59.5997      -7.66753     -31.945
59.6997      -7.67542     -31.9909
59.7997      -7.6833     -32.0367
59.8997      -7.69119     -32.0827
59.9997      -7.69907     -32.1285
60.0997      -7.70696     -32.1744
60.1997      -7.71483     -32.2202
60.2997      -7.7227     -32.2661
60.3997      -7.73057     -32.3119
60.4996      -7.73844     -32.3577
60.5996      -7.74631     -32.4036
60.6996      -7.75417     -32.4494
60.7996      -7.76204     -32.4952
60.8996      -7.76988     -32.5409
60.9996      -7.77775     -32.5868
61.0996      -7.78559     -32.6325
61.1996      -7.79346     -32.6783
61.2996      -7.8013     -32.724
61.3996      -7.80915     -32.7698
61.4996      -7.81699     -32.8155
61.5996      -7.82485     -32.8613
61.6996      -7.83269     -32.9071
61.7996      -7.84051     -32.9527
61.8996      -7.84835     -32.9984
61.9996      -7.8562     -33.0441
62.0996      -7.86404     -33.0899
62.1996      -7.87186     -33.1355
62.2996      -7.87969     -33.1812
62.3996      -7.88752     -33.2268
62.4996      -7.89533     -33.2725
62.5996      -7.90318     -33.3182
62.6996      -7.91099     -33.3638
62.7996      -7.91882     -33.4095
62.8996      -7.92663     -33.4551
62.9996      -7.93446     -33.5007
63.0996      -7.94225     -33.5462
63.1996      -7.95007     -33.5919
63.2996      -7.95789     -33.6375
63.3996      -7.96569     -33.683
63.4996      -7.97351     -33.7286
63.5996      -7.98132     -33.7742
63.6996      -7.98914     -33.8198
63.7996      -7.99694     -33.8653
63.8996      -8.00474     -33.9108
63.9996      -8.01253     -33.9564
64.0996      -8.02033     -34.0019
64.1996      -8.02812     -34.0474
64.2996      -8.03592     -34.0929
64.3996      -8.04371     -34.1385
64.4996      -8.05149     -34.1839
64.5996      -8.05928     -34.2294
64.6996      -8.06706     -34.2748
64.7996      -8.07486     -34.3204
64.8996      -8.08264     -34.3658
64.9996      -8.09044     -34.4113
65.0996      -8.09821     -34.4567
65.1996      -8.10598     -34.5022
65.2996      -8.11375     -34.5476
65.3996      -8.12153     -34.593
65.4996      -8.1293     -34.6385
65.5996      -8.13709     -34.6839
65.6996      -8.14484     -34.7292
65.7996      -8.1526     -34.7746
65.8996      -8.16038     -34.8201
65.9996      -8.16813     -34.8654
66.0996      -8.17591     -34.9108
66.1996      -8.18366     -34.9561
66.2996      -8.1914     -35.0015
66.3996      -8.19915     -35.0468
66.4996      -8.20692     -35.0922
66.5996      -8.21467     -35.1375
66.6996      -8.22242     -35.1829
66.7996      -8.23018     -35.2282
66.8996      -8.23791     -35.2734
66.9995      -8.24565     -35.3187
67.0995      -8.25341     -35.3641
67.1995      -8.26115     -35.4094
67.2995      -8.26889     -35.4546
67.3995      -8.27664     -35.4999
67.4995      -8.28436     -35.5452
67.5995      -8.29209     -35.5904
67.6995      -8.29984     -35.6357
67.7995      -8.30757     -35.6809
67.8995      -8.3153     -35.7262
67.9995      -8.32302     -35.7714
68.0995      -8.33076     -35.8166
68.1995      -8.33848     -35.8618
68.2995      -8.3462     -35.9071
68.3995      -8.35391     -35.9522
68.4995      -8.36163     -35.9974
68.5995      -8.36936     -36.0426
68.6995      -8.37707     -36.0878
68.7995      -8.38479     -36.133
68.8995      -8.3925     -36.1781
68.9995      -8.4002     -36.2232
69.0995      -8.40793     -36.2685
69.1995      -8.41564     -36.3136
69.2995      -8.42334     -36.3587
69.3995      -8.43105     -36.4038
69.4995      -8.43875     -36.449
69.5995      -8.44645     -36.4941
69.6995      -8.45416     -36.5392
69.7995      -8.46186     -36.5843
69.8995      -8.46953     -36.6294
69.9995      -8.47724     -36.6745
70.0995      -8.48492     -36.7195
70.1995      -8.49263     -36.7646
70.2995      -8.50031     -36.8097
70.3995      -8.50801     -36.8548
70.4995      -8.5157     -36.8998
70.5995      -8.52338     -36.9448
70.6995      -8.53106     -36.9899
70.7995      -8.53875     -37.0349
70.8995      -8.54645     -37.08
70.9995      -8.5541     -37.125
71.0995      -8.56179     -37.17
71.1995      -8.56947     -37.215
71.2995      -8.57714     -37.26
71.3995      -8.58483     -37.3051
71.4995      -8.59249     -37.35
71.5995      -8.60016     -37.395
71.6995      -8.60782     -37.4399
71.7995      -8.6155     -37.485
71.8995      -8.62315     -37.5299
71.9995      -8.63082     -37.5748
72.0995      -8.63849     -37.6198
72.1995      -8.64614     -37.6648
72.2995      -8.65381     -37.7097
72.3995      -8.66146     -37.7546
72.4995      -8.66912     -37.7995
72.5995      -8.67678     -37.8445
72.6995      -8.68443     -37.8894
72.7995      -8.69206     -37.9342
72.8995      -8.69973     -37.9791
72.9995      -8.70738     -38.0241
73.0995      -8.71501     -38.0689
73.1995      -8.72268     -38.1138
73.2995      -8.73031     -38.1586
73.3995      -8.73796     -38.2036
73.4995      -8.74561     -38.2484
73.5994      -8.75324     -38.2932
73.6994      -8.76087     -38.338
73.7994      -8.76854     -38.383
73.8994      -8.77618     -38.4278
73.9994      -8.78381     -38.4726
74.0994      -8.79143     -38.5174
74.1994      -8.79905     -38.5622
74.2994      -8.80668     -38.607
74.3994      -8.81431     -38.6518
74.4994      -8.82195     -38.6966
74.5994      -8.82956     -38.7414
74.6994      -8.83719     -38.7862
74.7994      -8.84483     -38.831
74.8994      -8.85245     -38.8757
74.9994      -8.86005     -38.9205
75.0994      -8.8677     -38.9653
75.1994      -8.87531     -39.01
75.2994      -8.88292     -39.0547
75.3994      -8.89053     -39.0995
75.4994      -8.89814     -39.1442
75.5994      -8.90576     -39.1889
75.6994      -8.91336     -39.2336
75.7994      -8.92098     -39.2784
75.8994      -8.9286     -39.3231
75.9994      -8.93621     -39.3678
76.0994      -8.94381     -39.4125
76.1994      -8.9514     -39.4572
76.2994      -8.95902     -39.5019
76.3994      -8.9666     -39.5465
76.4994      -8.97422     -39.5912
76.5994      -8.98181     -39.6359
76.6994      -8.98942     -39.6806
76.7994      -8.997     -39.7252
76.8994      -9.00459     -39.7698
76.9994      -9.01218     -39.8145
77.0994      -9.01979     -39.8592
77.1994      -9.02739     -39.9038
77.2994      -9.03498     -39.9484
77.3994      -9.04257     -39.9931
77.4994      -9.05015     -40.0377
77.5994      -9.05772     -40.0822
77.6994      -9.06531     -40.1268
77.7994      -9.0729     -40.1715
77.8994      -9.08048     -40.2161
77.9994      -9.08805     -40.2606
78.0994      -9.09564     -40.3052
78.1994      -9.1032     -40.3498
78.2994      -9.1108     -40.3944
78.3994      -9.11837     -40.4389
78.4994      -9.12593     -40.4834
78.5994      -9.13352     -40.5281
78.6994      -9.14109     -40.5726
78.7994      -9.14866     -40.6171
78.8994      -9.15622     -40.6616
78.9994      -9.16378     -40.7062
79.0994      -9.17136     -40.7507
79.1994      -9.17892     -40.7952
79.2994      -9.18649     -40.8397
79.3994      -9.19405     -40.8843
79.4994      -9.20162     -40.9288
79.5994      -9.20916     -40.9732
79.6994      -9.21673     -41.0177
79.7994      -9.22426     -41.0622
79.8994      -9.23183     -41.1067
79.9994      -9.2394     -41.1512
