0      1.5     0
0.1      1.39766     0.0668024
0.2      1.29019     0.133383
0.3      1.17676     0.199378
0.4      1.05633     0.264225
0.5      0.927587     0.327041
0.6      0.788926     0.386403
0.7      0.638381     0.439949
0.8      0.473892     0.4837
0.9      0.294243     0.511108
1      0.101597     0.512749
1.1      -0.0954903     0.479464
1.2      -0.284117     0.408449
1.3      -0.452738     0.30536
1.4      -0.595394     0.182051
1.5      -0.71339     0.0500092
1.6      -0.811438     -0.0838061
1.7      -0.894182     -0.216109
1.8      -0.965228     -0.345558
1.9      -1.02719     -0.471706
2      -1.08197     -0.594512
2.1      -1.13097     -0.714099
2.2      -1.17522     -0.830652
2.3      -1.21552     -0.944389
2.4      -1.25247     -1.05551
2.5      -1.28657     -1.1642
2.6      -1.31821     -1.27066
2.7      -1.3477     -1.37503
2.8      -1.3753     -1.47746
2.9      -1.40122     -1.57809
3      -1.42566     -1.67704
3.1      -1.44877     -1.77441
3.2      -1.47066     -1.87029
3.3      -1.49146     -1.96479
3.4      -1.51127     -2.05797
3.5      -1.53018     -2.14992
3.6      -1.54825     -2.24068
3.7      -1.56555     -2.33035
3.8      -1.58215     -2.41895
3.9      -1.59809     -2.50655
4      -1.61343     -2.59321
4.1      -1.6282     -2.67895
4.2      -1.64244     -2.76381
4.3      -1.65618     -2.84784
4.4      -1.66947     -2.93108
4.5      -1.68232     -3.01355
4.6      -1.69476     -3.0953
4.7      -1.70681     -3.17632
4.8      -1.7185     -3.25669
4.9      -1.72985     -3.33638
5      -1.74087     -3.41546
5.1      -1.75158     -3.49393
5.2      -1.762     -3.57181
5.3      -1.77214     -3.64913
5.4      -1.78201     -3.7259
5.5      -1.79163     -3.80214
5.6      -1.80102     -3.87787
5.7      -1.81016     -3.9531
5.8      -1.8191     -4.02786
5.9      -1.82782     -4.10214
6      -1.83633     -4.17597
6.1      -1.84466     -4.24937
6.2      -1.85279     -4.32233
6.3      -1.86075     -4.39488
6.4      -1.86854     -4.46702
6.5      -1.87617     -4.53877
6.6      -1.88363     -4.61014
6.7      -1.89095     -4.68114
6.8      -1.89811     -4.75177
6.9      -1.90514     -4.82204
7      -1.91203     -4.89198
7.1      -1.91878     -4.96157
7.2      -1.92541     -5.03083
7.3      -1.93192     -5.09976
7.4      -1.93831     -5.16839
7.5      -1.94458     -5.23671
7.6      -1.95074     -5.30473
7.7      -1.95679     -5.37246
7.79999      -1.96273     -5.43989
7.89999      -1.96858     -5.50704
7.99999      -1.97433     -5.57393
8.09999      -1.97998     -5.64054
8.2      -1.98554     -5.70689
8.3      -1.99101     -5.77297
8.4      -1.99639     -5.83881
8.5      -2.00169     -5.90439
8.6      -2.0069     -5.96974
8.7      -2.01203     -6.03484
8.8      -2.01709     -6.09971
8.9      -2.02207     -6.16435
9      -2.02698     -6.22876
9.1      -2.03181     -6.29295
9.2      -2.03658     -6.35693
9.3      -2.04127     -6.42069
9.4      -2.0459     -6.48424
9.5      -2.05046     -6.54757
9.6      -2.05496     -6.61072
9.7      -2.0594     -6.67366
9.8      -2.06378     -6.73641
9.9      -2.06809     -6.79895
10      -2.07236     -6.86132
10.1      -2.07656     -6.92349
10.2      -2.08071     -6.98549
10.3      -2.08481     -7.0473
10.4      -2.08885     -7.10894
10.5      -2.09285     -7.1704
10.6      -2.09679     -7.23169
10.7      -2.10068     -7.29281
10.8      -2.10453     -7.35377
10.9      -2.10832     -7.41455
11      -2.11208     -7.47518
11.1      -2.11578     -7.53564
11.2      -2.11944     -7.59595
11.3      -2.12306     -7.65611
11.4      -2.12664     -7.71611
11.5      -2.13018     -7.77596
11.6      -2.13367     -7.83566
11.7      -2.13713     -7.89523
11.8      -2.14054     -7.95464
11.9      -2.14392     -8.01391
12      -2.14726     -8.07304
12.1      -2.15056     -8.13203
12.2      -2.15383     -8.19088
12.3      -2.15706     -8.2496
12.4      -2.16026     -8.30819
12.5      -2.16342     -8.36665
12.6      -2.16655     -8.42498
12.7      -2.16965     -8.48317
12.8      -2.17271     -8.54125
12.9      -2.17574     -8.59919
13      -2.17874     -8.65701
13.1      -2.18171     -8.71472
13.2      -2.18465     -8.7723
13.3      -2.18756     -8.82976
13.4      -2.19044     -8.88711
13.5      -2.1933     -8.94434
13.6      -2.19612     -9.00145
13.7      -2.19892     -9.05846
13.8      -2.20169     -9.11534
13.9      -2.20443     -9.17212
14      -2.20715     -9.2288
14.1      -2.20984     -9.28536
14.2      -2.2125     -9.34181
14.3      -2.21515     -9.39816
14.4      -2.21776     -9.45441
14.5      -2.22036     -9.51055
14.6      -2.22293     -9.56659
14.7      -2.22547     -9.62253
14.8      -2.228     -9.67837
14.9      -2.23049     -9.73411
15      -2.23297     -9.78977
15.1      -2.23542     -9.84531
15.2      -2.23786     -9.90074
15.3      -2.24026     -9.95607
15.4      -2.24266     -10.0114
15.5      -2.24502     -10.0665
15.6      -2.24738     -10.1216
15.7      -2.24971     -10.1766
15.8      -2.25201     -10.2315
15.9      -2.2543     -10.2863
16      -2.25658     -10.3411
16.1      -2.25881     -10.3956
16.2      -2.26105     -10.4502
16.3      -2.26327     -10.5047
16.4      -2.26546     -10.559
16.5      -2.26765     -10.6133
16.6      -2.26981     -10.6676
16.7      -2.27193     -10.7216
16.8      -2.27408     -10.7758
16.9      -2.27617     -10.8297
17      -2.27827     -10.8836
17.1      -2.28035     -10.9374
17.2      -2.28241     -10.9911
17.3      -2.28444     -11.0447
17.4      -2.28647     -11.0983
17.5      -2.28848     -11.1518
17.6      -2.29049     -11.2053
17.7      -2.29245     -11.2586
17.8      -2.29442     -11.3119
17.9      -2.29637     -11.365
18      -2.29831     -11.4182
18.1      -2.30023     -11.4712
18.2      -2.30213     -11.5242
18.3      -2.30403     -11.5772
18.4      -2.30592     -11.63
18.5      -2.30778     -11.6827
18.6      -2.30964     -11.7355
18.7      -2.31147     -11.7881
18.8      -2.31329     -11.8406
18.9      -2.3151     -11.8932
19      -2.3169     -11.9456
19.1      -2.31868     -11.9979
19.2      -2.32045     -12.0502
19.3      -2.3222     -12.1024
19.4      -2.32396     -12.1546
19.5      -2.32569     -12.2067
19.6      -2.32742     -12.2588
19.7      -2.32914     -12.3108
19.8      -2.33084     -12.3627
19.9      -2.33253     -12.4146
20      -2.3342     -12.4664
20.1      -2.33585     -12.518
20.2      -2.3375     -12.5697
20.3      -2.33916     -12.6214
20.4      -2.34077     -12.6728
20.5      -2.3424     -12.7244
20.6      -2.34401     -12.7758
20.7      -2.34561     -12.8272
20.8      -2.34718     -12.8785
20.9      -2.34876     -12.9297
21      -2.35033     -12.9809
21.1      -2.35189     -13.0321
21.2      -2.35345     -13.0832
21.3      -2.35498     -13.1342
21.4      -2.3565     -13.1852
21.5      -2.35802     -13.2361
21.6      -2.35953     -13.287
21.7      -2.36104     -13.3378
21.8      -2.36251     -13.3886
21.9      -2.364     -13.4393
22      -2.36546     -13.4899
22.1      -2.36692     -13.5405
22.2      -2.36838     -13.5911
22.3      -2.36982     -13.6416
22.4      -2.37125     -13.692
22.5      -2.37267     -13.7424
22.6      -2.3741     -13.7928
22.7001      -2.3755     -13.8431
22.8001      -2.37689     -13.8932
22.9001      -2.3783     -13.9435
23.0001      -2.37966     -13.9936
23.1001      -2.38103     -14.0437
23.2001      -2.3824     -14.0938
23.3001      -2.38375     -14.1437
23.4001      -2.38511     -14.1937
23.5001      -2.38646     -14.2437
23.6001      -2.38779     -14.2935
23.7001      -2.38911     -14.3433
23.8001      -2.39042     -14.393
23.9001      -2.39174     -14.4428
24.0001      -2.39304     -14.4925
24.1001      -2.39433     -14.5421
24.2001      -2.39562     -14.5917
24.3001      -2.3969     -14.6412
24.4001      -2.39816     -14.6906
24.5001      -2.39942     -14.7401
24.6001      -2.40069     -14.7895
24.7001      -2.40194     -14.8389
24.8001      -2.40318     -14.8882
24.9001      -2.40442     -14.9374
25.0001      -2.40565     -14.9867
25.1001      -2.40688     -15.0359
25.2001      -2.40809     -15.085
25.3001      -2.4093     -15.1341
25.4001      -2.4105     -15.1831
25.5001      -2.41169     -15.2322
25.6001      -2.41288     -15.2812
25.7001      -2.41406     -15.3301
25.8001      -2.41524     -15.379
25.9001      -2.4164     -15.4278
26.0001      -2.41757     -15.4766
26.1001      -2.41873     -15.5254
26.2001      -2.41987     -15.5741
26.3001      -2.42102     -15.6228
26.4001      -2.42216     -15.6715
26.5001      -2.42329     -15.7201
26.6001      -2.42443     -15.7687
26.7001      -2.42554     -15.8172
26.8001      -2.42665     -15.8657
26.9001      -2.42776     -15.9142
27.0001      -2.42886     -15.9626
27.1001      -2.42996     -16.011
27.2001      -2.43106     -16.0593
27.3001      -2.43214     -16.1076
27.4001      -2.43322     -16.1559
27.5001      -2.43429     -16.2041
27.6001      -2.43536     -16.2523
27.7001      -2.43642     -16.3004
27.8001      -2.43748     -16.3486
27.9001      -2.43853     -16.3967
28.0001      -2.43958     -16.4447
28.1001      -2.44062     -16.4927
28.2001      -2.44165     -16.5407
28.3001      -2.44269     -16.5886
28.4001      -2.44372     -16.6366
28.5001      -2.44474     -16.6844
28.6001      -2.44576     -16.7323
28.7001      -2.44677     -16.7801
28.8001      -2.44777     -16.8278
28.9001      -2.44878     -16.8756
29.0001      -2.44978     -16.9233
29.1001      -2.45077     -16.971
29.2001      -2.45176     -17.0186
29.3001      -2.45274     -17.0661
29.4001      -2.45371     -17.1137
29.5001      -2.45468     -17.1612
29.6001      -2.45565     -17.2088
29.7001      -2.45661     -17.2562
29.8001      -2.45757     -17.3037
29.9001      -2.45853     -17.3511
30.0001      -2.45947     -17.3984
30.1001      -2.46042     -17.4458
30.2001      -2.46136     -17.4931
30.3001      -2.46229     -17.5403
30.4001      -2.46322     -17.5875
30.5001      -2.46415     -17.6348
30.6001      -2.46508     -17.682
30.7001      -2.46599     -17.7291
30.8001      -2.4669     -17.7762
30.9001      -2.46782     -17.8234
31.0001      -2.46872     -17.8704
31.1001      -2.46962     -17.9174
31.2001      -2.47052     -17.9644
31.3001      -2.47141     -18.0113
31.4001      -2.47231     -18.0583
31.5001      -2.47319     -18.1053
31.6001      -2.47406     -18.1521
31.7001      -2.47495     -18.199
31.8001      -2.47582     -18.2458
31.9001      -2.47668     -18.2925
32.0001      -2.47755     -18.3393
32.1001      -2.4784     -18.386
32.2001      -2.47926     -18.4327
32.3001      -2.48011     -18.4794
32.4001      -2.48095     -18.526
32.5001      -2.48181     -18.5727
32.6001      -2.48264     -18.6192
32.7001      -2.48348     -18.6658
32.8001      -2.48431     -18.7123
32.9001      -2.48515     -18.7589
33.0001      -2.48597     -18.8053
33.1001      -2.4868     -18.8518
33.2001      -2.48761     -18.8982
33.3001      -2.48842     -18.9446
33.4001      -2.48924     -18.991
33.5001      -2.49006     -19.0373
33.6001      -2.49085     -19.0836
33.7001      -2.49165     -19.1299
33.8001      -2.49246     -19.1762
33.9001      -2.49324     -19.2224
34.0001      -2.49403     -19.2686
34.1001      -2.49482     -19.3147
34.2001      -2.4956     -19.3609
34.3      -2.49639     -19.4071
34.4      -2.49717     -19.4532
34.5      -2.49794     -19.4993
34.6      -2.49872     -19.5453
34.7      -2.49948     -19.5913
34.8      -2.50024     -19.6373
34.9      -2.501     -19.6832
35      -2.50177     -19.7292
35.1      -2.50253     -19.7752
35.2      -2.50327     -19.8211
35.3      -2.50402     -19.8669
35.4      -2.50477     -19.9128
35.5      -2.50551     -19.9585
35.6      -2.50625     -20.0044
35.7      -2.50699     -20.0502
35.8      -2.50773     -20.0959
35.9      -2.50846     -20.1417
36      -2.50918     -20.1874
36.1      -2.5099     -20.233
36.2      -2.51063     -20.2787
36.3      -2.51135     -20.3243
36.4      -2.51206     -20.3699
36.5      -2.51278     -20.4155
36.6      -2.51348     -20.4611
36.7      -2.51419     -20.5067
36.8      -2.51489     -20.5521
36.9      -2.5156     -20.5977
37      -2.5163     -20.6431
37.1      -2.51699     -20.6886
37.2      -2.51767     -20.7339
37.3      -2.51837     -20.7793
37.4      -2.51904     -20.8247
37.5      -2.51972     -20.87
37.6      -2.5204     -20.9154
37.7      -2.52108     -20.9607
37.8      -2.52175     -21.006
37.9      -2.52242     -21.0513
38      -2.52309     -21.0966
38.1      -2.52375     -21.1417
38.2      -2.52441     -21.1869
38.3      -2.52507     -21.2321
38.4      -2.52573     -21.2773
38.5      -2.52639     -21.3225
38.6      -2.52704     -21.3675
38.7      -2.52769     -21.4126
38.8      -2.52834     -21.4577
38.9      -2.52899     -21.5027
39      -2.52964     -21.5477
39.1      -2.53028     -21.5928
39.2      -2.53093     -21.6378
39.3      -2.53156     -21.6827
39.4      -2.5322     -21.7276
39.5      -2.53283     -21.7726
39.6      -2.53346     -21.8175
39.7      -2.53408     -21.8623
39.8      -2.53472     -21.9073
39.9      -2.53534     -21.9521
40      -2.53596     -21.9969
40.1      -2.53657     -22.0416
40.2      -2.53719     -22.0864
40.3      -2.53781     -22.1312
40.4      -2.53842     -22.176
40.5      -2.53904     -22.2207
40.6      -2.53964     -22.2653
40.7      -2.54025     -22.31
40.7999      -2.54084     -22.3547
40.8999      -2.54146     -22.3994
40.9999      -2.54206     -22.444
41.0999      -2.54264     -22.4885
41.1999      -2.54324     -22.5331
41.2999      -2.54384     -22.5777
41.3999      -2.54443     -22.6223
41.4999      -2.54501     -22.6668
41.5999      -2.5456     -22.7113
41.6999      -2.54619     -22.7558
41.7999      -2.54676     -22.8002
41.8999      -2.54734     -22.8447
41.9999      -2.54792     -22.8891
42.0999      -2.54849     -22.9335
42.1999      -2.54907     -22.9779
42.2999      -2.54963     -23.0222
42.3999      -2.5502     -23.0667
42.4999      -2.55076     -23.111
42.5999      -2.55133     -23.1553
42.6999      -2.55189     -23.1996
42.7999      -2.55245     -23.2439
42.8999      -2.55301     -23.2882
42.9999      -2.55357     -23.3324
43.0999      -2.55412     -23.3766
43.1999      -2.55467     -23.4208
43.2999      -2.55522     -23.465
43.3999      -2.55577     -23.5092
43.4999      -2.55632     -23.5534
43.5999      -2.55686     -23.5975
43.6999      -2.5574     -23.6416
43.7999      -2.55794     -23.6857
43.8999      -2.55848     -23.7298
43.9999      -2.55902     -23.7739
44.0999      -2.55955     -23.8179
44.1999      -2.56009     -23.862
44.2999      -2.56063     -23.906
44.3999      -2.56116     -23.9499
44.4999      -2.56168     -23.9939
44.5999      -2.56221     -24.0379
44.6999      -2.56273     -24.0818
44.7999      -2.56326     -24.1258
44.8999      -2.56377     -24.1697
44.9999      -2.56429     -24.2136
45.0999      -2.56481     -24.2575
45.1999      -2.56532     -24.3013
45.2999      -2.56583     -24.3452
45.3999      -2.56634     -24.3889
45.4999      -2.56686     -24.4328
45.5999      -2.56737     -24.4766
45.6999      -2.56787     -24.5204
45.7999      -2.56838     -24.5642
45.8999      -2.56888     -24.6079
45.9999      -2.56939     -24.6517
46.0999      -2.56988     -24.6953
46.1999      -2.57037     -24.739
46.2999      -2.57087     -24.7827
46.3999      -2.57137     -24.8264
46.4999      -2.57187     -24.8701
46.5999      -2.57235     -24.9137
46.6999      -2.57285     -24.9573
46.7999      -2.57333     -25.0009
46.8999      -2.57382     -25.0445
46.9999      -2.57431     -25.0881
47.0999      -2.5748     -25.1316
47.1999      -2.57527     -25.1751
47.2999      -2.57575     -25.2187
47.3998      -2.57623     -25.2622
47.4998      -2.5767     -25.3057
47.5998      -2.57717     -25.3491
47.6998      -2.57765     -25.3926
47.7998      -2.57813     -25.4361
47.8998      -2.57861     -25.4796
47.9998      -2.57908     -25.5229
48.0998      -2.57954     -25.5663
48.1998      -2.58002     -25.6098
48.2998      -2.58048     -25.6531
48.3998      -2.58094     -25.6964
48.4998      -2.5814     -25.7398
48.5998      -2.58186     -25.7832
48.6998      -2.58231     -25.8264
48.7998      -2.58277     -25.8697
48.8998      -2.58323     -25.9131
48.9998      -2.58368     -25.9563
49.0998      -2.58412     -25.9995
49.1998      -2.58457     -26.0428
49.2998      -2.58502     -26.086
49.3998      -2.58546     -26.1292
49.4998      -2.58591     -26.1725
49.5998      -2.58635     -26.2156
49.6998      -2.58679     -26.2588
49.7998      -2.58723     -26.302
49.8998      -2.58766     -26.345
49.9998      -2.5881     -26.3882
50.0998      -2.58854     -26.4312
50.1998      -2.58898     -26.4744
50.2998      -2.58941     -26.5175
50.3998      -2.58984     -26.5605
50.4998      -2.59028     -26.6036
50.5998      -2.59071     -26.6467
50.6998      -2.59114     -26.6896
50.7998      -2.59157     -26.7327
50.8998      -2.592     -26.7756
50.9998      -2.59244     -26.8187
51.0998      -2.59287     -26.8617
51.1998      -2.59328     -26.9046
51.2998      -2.5937     -26.9476
51.3998      -2.59411     -26.9904
51.4998      -2.59453     -27.0334
51.5998      -2.59495     -27.0762
51.6998      -2.59537     -27.1192
51.7998      -2.59579     -27.162
51.8998      -2.5962     -27.2049
51.9998      -2.59662     -27.2478
52.0998      -2.59704     -27.2906
52.1998      -2.59745     -27.3335
52.2998      -2.59785     -27.3762
52.3998      -2.59826     -27.4191
52.4998      -2.59867     -27.4618
52.5998      -2.59907     -27.5046
52.6998      -2.59948     -27.5473
52.7998      -2.59989     -27.5901
52.8998      -2.60029     -27.6328
52.9998      -2.6007     -27.6756
53.0998      -2.60109     -27.7182
53.1998      -2.6015     -27.761
53.2998      -2.60189     -27.8036
53.3998      -2.60228     -27.8463
53.4998      -2.60267     -27.8889
53.5998      -2.60307     -27.9316
53.6998      -2.60346     -27.9742
53.7998      -2.60386     -28.0169
53.8997      -2.60425     -28.0594
53.9997      -2.60464     -28.1021
54.0997      -2.60502     -28.1446
54.1997      -2.60541     -28.1871
54.2997      -2.6058     -28.2297
54.3997      -2.60618     -28.2722
54.4997      -2.60656     -28.3148
54.5997      -2.60695     -28.3573
54.6997      -2.60733     -28.3999
54.7997      -2.60771     -28.4423
54.8997      -2.60809     -28.4848
54.9997      -2.60847     -28.5273
55.0997      -2.60885     -28.5697
55.1997      -2.60923     -28.6122
55.2997      -2.6096     -28.6546
55.3997      -2.60997     -28.6971
55.4997      -2.61034     -28.7394
55.5997      -2.61072     -28.7818
55.6997      -2.61109     -28.8242
55.7997      -2.61146     -28.8666
55.8997      -2.61183     -28.909
55.9997      -2.61219     -28.9513
56.0997      -2.61256     -28.9936
56.1997      -2.61292     -29.036
56.2997      -2.61328     -29.0782
56.3997      -2.61365     -29.1205
56.4997      -2.61401     -29.1629
56.5997      -2.61437     -29.2051
56.6997      -2.61472     -29.2474
56.7997      -2.61509     -29.2897
56.8997      -2.61545     -29.3319
56.9997      -2.61581     -29.3742
57.0997      -2.61616     -29.4164
57.1997      -2.61651     -29.4585
57.2997      -2.61688     -29.5008
57.3997      -2.61722     -29.5429
57.4997      -2.61758     -29.5851
57.5997      -2.61793     -29.6273
57.6997      -2.61827     -29.6694
57.7997      -2.61862     -29.7115
57.8997      -2.61898     -29.7537
57.9997      -2.61932     -29.7958
58.0997      -2.61967     -29.8379
58.1997      -2.62002     -29.8801
58.2997      -2.62036     -29.9221
58.3997      -2.62071     -29.9642
58.4997      -2.62105     -30.0062
58.5997      -2.62139     -30.0483
58.6997      -2.62173     -30.0903
58.7997      -2.62207     -30.1324
58.8997      -2.6224     -30.1744
58.9997      -2.62274     -30.2164
59.0997      -2.62308     -30.2584
59.1997      -2.62342     -30.3004
59.2997      -2.62375     -30.3424
59.3997      -2.62408     -30.3843
59.4997      -2.62442     -30.4263
59.5997      -2.62474     -30.4683
59.6997      -2.62507     -30.5102
59.7997      -2.62541     -30.5521
59.8997      -2.62573     -30.594
59.9997      -2.62606     -30.636
60.0997      -2.62638     -30.6778
60.1997      -2.6267     -30.7197
60.2997      -2.62703     -30.7615
60.3997      -2.62736     -30.8035
60.4996      -2.62768     -30.8453
60.5996      -2.62799     -30.8871
60.6996      -2.62831     -30.9289
60.7996      -2.62864     -30.9707
60.8996      -2.62896     -31.0126
60.9996      -2.62928     -31.0544
61.0996      -2.62959     -31.0961
61.1996      -2.62991     -31.1379
61.2996      -2.63023     -31.1797
61.3996      -2.63055     -31.2215
61.4996      -2.63086     -31.2632
61.5996      -2.63117     -31.3049
61.6996      -2.63149     -31.3466
61.7996      -2.6318     -31.3884
61.8996      -2.63211     -31.4301
61.9996      -2.63241     -31.4718
62.0996      -2.63273     -31.5135
62.1996      -2.63304     -31.5551
62.2996      -2.63335     -31.5969
62.3996      -2.63366     -31.6385
62.4996      -2.63396     -31.6801
62.5996      -2.63426     -31.7217
62.6996      -2.63457     -31.7634
62.7996      -2.63488     -31.805
62.8996      -2.63517     -31.8466
62.9996      -2.63547     -31.8882
63.0996      -2.63577     -31.9298
63.1996      -2.63607     -31.9714
63.2996      -2.63636     -32.0129
63.3996      -2.63667     -32.0545
63.4996      -2.63697     -32.0961
63.5996      -2.63726     -32.1376
63.6996      -2.63756     -32.1791
63.7996      -2.63786     -32.2206
63.8996      -2.63816     -32.2621
63.9996      -2.63845     -32.3036
64.0996      -2.63875     -32.3451
64.1996      -2.63905     -32.3867
64.2996      -2.63934     -32.4281
64.3996      -2.63963     -32.4696
64.4996      -2.63992     -32.511
64.5996      -2.64022     -32.5525
64.6996      -2.64051     -32.5939
64.7996      -2.64079     -32.6353
64.8996      -2.64109     -32.6767
64.9996      -2.64137     -32.7182
65.0996      -2.64166     -32.7596
65.1996      -2.64195     -32.801
65.2996      -2.64224     -32.8423
65.3996      -2.64252     -32.8837
65.4996      -2.64281     -32.9251
65.5996      -2.64309     -32.9664
65.6996      -2.64338     -33.0077
65.7996      -2.64367     -33.0491
65.8996      -2.64394     -33.0904
65.9996      -2.64422     -33.1318
66.0996      -2.64449     -33.1731
66.1996      -2.64477     -33.2144
66.2996      -2.64504     -33.2556
66.3996      -2.64532     -33.2969
66.4996      -2.64559     -33.3382
66.5996      -2.64587     -33.3794
66.6996      -2.64614     -33.4207
66.7996      -2.64642     -33.4619
66.8996      -2.6467     -33.5032
66.9995      -2.64697     -33.5444
67.0995      -2.64724     -33.5856
67.1995      -2.64751     -33.6268
67.2995      -2.64778     -33.668
67.3995      -2.64804     -33.7093
67.4995      -2.64832     -33.7505
67.5995      -2.64858     -33.7916
67.6995      -2.64885     -33.8328
67.7995      -2.64911     -33.8739
67.8995      -2.64939     -33.9151
67.9995      -2.64965     -33.9562
68.0995      -2.64991     -33.9973
68.1995      -2.65018     -34.0385
68.2995      -2.65044     -34.0796
68.3995      -2.6507     -34.1207
68.4995      -2.65096     -34.1618
68.5995      -2.65123     -34.2029
68.6995      -2.65149     -34.2439
68.7995      -2.65174     -34.285
68.8995      -2.65201     -34.3261
68.9995      -2.65226     -34.3671
69.0995      -2.65252     -34.4082
69.1995      -2.65278     -34.4492
69.2995      -2.65304     -34.4902
69.3995      -2.6533     -34.5313
69.4995      -2.65355     -34.5723
69.5995      -2.65381     -34.6133
69.6995      -2.65406     -34.6543
69.7995      -2.65432     -34.6953
69.8995      -2.65457     -34.7362
69.9995      -2.65481     -34.7772
70.0995      -2.65507     -34.8182
70.1995      -2.65531     -34.8591
70.2995      -2.65558     -34.9001
70.3995      -2.65582     -34.941
70.4995      -2.65606     -34.9819
70.5995      -2.65632     -35.0229
70.6995      -2.65656     -35.0638
70.7995      -2.65682     -35.1047
70.8995      -2.65706     -35.1456
70.9995      -2.6573     -35.1865
71.0995      -2.65755     -35.2274
71.1995      -2.6578     -35.2683
71.2995      -2.65804     -35.3091
71.3995      -2.65829     -35.35
71.4995      -2.65853     -35.3909
71.5995      -2.65878     -35.4317
71.6995      -2.65902     -35.4725
71.7995      -2.65925     -35.5134
71.8995      -2.6595     -35.5542
71.9995      -2.65973     -35.595
72.0995      -2.65998     -35.6358
72.1995      -2.66022     -35.6766
72.2995      -2.66045     -35.7174
72.3995      -2.66069     -35.7581
72.4995      -2.66093     -35.7989
72.5995      -2.66116     -35.8397
72.6995      -2.6614     -35.8804
72.7995      -2.66163     -35.9212
72.8995      -2.66187     -35.9619
72.9995      -2.66211     -36.0027
73.0995      -2.66234     -36.0434
73.1995      -2.66258     -36.0841
73.2995      -2.66282     -36.1249
73.3995      -2.66304     -36.1656
73.4995      -2.66328     -36.2063
73.5994      -2.66351     -36.247
73.6994      -2.66373     -36.2877
73.7994      -2.66396     -36.3283
73.8994      -2.66419     -36.3689
73.9994      -2.66441     -36.4096
74.0994      -2.66464     -36.4502
74.1994      -2.66487     -36.4909
74.2994      -2.6651     -36.5315
74.3994      -2.66533     -36.5722
74.4994      -2.66556     -36.6128
74.5994      -2.66579     -36.6534
74.6994      -2.66601     -36.694
74.7994      -2.66624     -36.7347
74.8994      -2.66647     -36.7753
74.9994      -2.6667     -36.8158
75.0994      -2.66691     -36.8563
75.1994      -2.66714     -36.8969
75.2994      -2.66736     -36.9375
75.3994      -2.66758     -36.9781
75.4994      -2.66781     -37.0186
75.5994      -2.66803     -37.0592
75.6994      -2.66824     -37.0997
75.7994      -2.66848     -37.1403
75.8994      -2.66869     -37.1808
75.9994      -2.66891     -37.2212
76.0994      -2.66913     -37.2617
76.1994      -2.66935     -37.3022
76.2994      -2.66956     -37.3427
76.3994      -2.66979     -37.3832
76.4994      -2.67001     -37.4237
76.5994      -2.67022     -37.4642
76.6994      -2.67043     -37.5047
76.7994      -2.67064     -37.545
76.8994      -2.67085     -37.5855
76.9994      -2.67106     -37.626
77.0994      -2.67127     -37.6664
77.1994      -2.67149     -37.7069
77.2994      -2.67169     -37.7473
77.3994      -2.67191     -37.7877
77.4994      -2.67212     -37.828
77.5994      -2.67233     -37.8685
77.6994      -2.67254     -37.9089
77.7994      -2.67275     -37.9493
77.8994      -2.67296     -37.9897
77.9994      -2.67317     -38.03
78.0994      -2.67338     -38.0704
78.1994      -2.67358     -38.1107
78.2994      -2.67378     -38.1511
78.3994      -2.67399     -38.1914
78.4994      -2.6742     -38.2318
78.5994      -2.67439     -38.2721
78.6994      -2.67461     -38.3125
78.7994      -2.67481     -38.3527
78.8994      -2.67501     -38.393
78.9994      -2.67522     -38.4333
79.0994      -2.67543     -38.4737
79.1994      -2.67563     -38.514
79.2994      -2.67582     -38.5543
79.3994      -2.67603     -38.5945
79.4994      -2.67623     -38.6347
79.5994      -2.67642     -38.675
79.6994      -2.67663     -38.7153
79.7994      -2.67684     -38.7556
79.8994      -2.67703     -38.7957
79.9994      -2.67722     -38.836
