0      0   1
0.1      0.0948375   0.895171
0.2      0.178736   0.781397
0.3      0.250857   0.659817
0.4      0.310479   0.531643
0.5      0.357008   0.398158
0.6      0.389978   0.260694
0.7      0.40906   0.120625
0.8      0.414063   -0.0206485
0.9      0.404937   -0.161716
1      0.381773   -0.301168
1.1      0.344804   -0.43761
1.2      0.294397   -0.56968
1.3      0.231058   -0.696058
1.4      0.155418   -0.815481
1.5      0.0682332   -0.926756
1.6      -0.0296247   -1.02877
1.7      -0.137178   -1.12051
1.8      -0.253353   -1.20105
1.9      -0.376988   -1.26959
2      -0.506847   -1.32544
2.1      -0.641634   -1.36805
2.2      -0.780002   -1.397
2.3      -0.920568   -1.41198
2.4      -1.06193   -1.41286
2.5      -1.20267   -1.39962
2.6      -1.34138   -1.37239
2.7      -1.47669   -1.33145
2.8      -1.60723   -1.27721
2.9      -1.73171   -1.21021
3      -1.84887   -1.13111
3.1      -1.95755   -1.04072
3.2      -2.05667   -0.939923
3.3      -2.14522   -0.829737
3.4      -2.22234   -0.71126
3.5      -2.28724   -0.585677
3.6      -2.33928   -0.454242
3.7      -2.37793   -0.318268
3.8      -2.40282   -0.179114
3.9      -2.4137   -0.0381706
4      -2.41045   0.103154
4.1      -2.3931   0.243448
4.2      -2.36184   0.38131
4.3      -2.31697   0.515362
4.4      -2.25894   0.644264
4.5      -2.18833   0.76673
4.6      -2.10585   0.881534
4.7      -2.01232   0.98753
4.8      -1.90867   1.08366
4.9      -1.79594   1.16896
