0      0   1
0.1      0.1   0.9
0.2      0.19   0.79
0.3      0.269   0.671
0.4      0.3361   0.5441
0.5      0.39051   0.41049
0.6      0.431559   0.271439
0.7      0.458703   0.128283
0.8      0.471531   -0.0175872
0.9      0.469772   -0.16474
1      0.453298   -0.311718
1.1      0.422127   -0.457047
1.2      0.376422   -0.59926
1.3      0.316496   -0.736902
1.4      0.242806   -0.868552
1.5      0.155951   -0.992832
1.6      0.0566673   -1.10843
1.7      -0.0541755   -1.21409
1.8      -0.175585   -1.30868
1.9      -0.306453   -1.39112
2      -0.445564   -1.46047
2.1      -0.591612   -1.51592
2.2      -0.743203   -1.55676
2.3      -0.898879   -1.58244
2.4      -1.05712   -1.59255
2.5      -1.21638   -1.58683
2.6      -1.37506   -1.5652
2.7      -1.53158   -1.52769
2.8      -1.68435   -1.47453
2.9      -1.8318   -1.4061
3      -1.97241   -1.32292
3.1      -2.1047   -1.22568
3.2      -2.22727   -1.11521
3.3      -2.33879   -0.992479
3.4      -2.43804   -0.8586
3.5      -2.5239   -0.714796
3.6      -2.59538   -0.562406
3.7      -2.65162   -0.402868
3.8      -2.69191   -0.237706
3.9      -2.71568   -0.0685148
4      -2.72253   0.103053
4.1      -2.71222   0.275306
4.2      -2.68469   0.446528
4.3      -2.64004   0.614998
4.4      -2.57854   0.779002
4.5      -2.50064   0.936856
4.6      -2.40696   1.08692
4.7      -2.29826   1.22762
4.8      -2.1755   1.35744
4.9      -2.03976   1.47499
