0      0   1
0.1      0.095   0.895
0.2      0.179025   0.781025
0.3      0.251232   0.659217
0.4      0.310898   0.530798
0.5      0.357423   0.397054
0.6      0.390342   0.259327
0.7      0.409323   0.118996
0.8      0.414176   -0.0225314
0.9      0.404851   -0.163836
1      0.381444   -0.303502
1.1      0.344186   -0.440129
1.2      0.293452   -0.572347
1.3      0.22975   -0.698831
1.4      0.153719   -0.818311
1.5      0.0661188   -0.929592
1.6      -0.032171   -1.03156
1.7      -0.140166   -1.12318
1.8      -0.256783   -1.20355
1.9      -0.380854   -1.27185
2      -0.511135   -1.32741
2.1      -0.64632   -1.36966
2.2      -0.785054   -1.39818
2.3      -0.925946   -1.41268
2.4      -1.06758   -1.41302
2.5      -1.20855   -1.3992
2.6      -1.34743   -1.37135
2.7      -1.48282   -1.32975
2.8      -1.61338   -1.27482
2.9      -1.7378   -1.2071
3      -1.85482   -1.12729
3.1      -1.96328   -1.03617
3.2      -2.06208   -0.934663
3.3      -2.15023   -0.823782
3.4      -2.22686   -0.704639
3.5      -2.29119   -0.57843
3.6      -2.34258   -0.446419
3.7      -2.38051   -0.309929
3.8      -2.4046   -0.170329
3.9      -2.41461   -0.0290181
4      -2.41043   0.112588
4.1      -2.39212   0.253068
4.2      -2.35986   0.391015
4.3      -2.31396   0.525046
4.4      -2.25488   0.653816
4.5      -2.18322   0.776035
4.6      -2.09971   0.890477
4.7      -2.00516   0.995995
4.8      -1.90053   1.09153
4.9      -1.78688   1.17613
