0    0
0.1    0.0948375
0.2    0.178736
0.3    0.250857
0.4    0.310479
0.5    0.357008
0.6    0.389978
0.7    0.40906
0.8    0.414063
0.9    0.404937
1    0.381773
1.1    0.344803
1.2    0.294397
1.3    0.231057
1.4    0.155417
1.5    0.0682319
1.6    -0.0296262
1.7    -0.13718
1.8    -0.253355
1.9    -0.37699
2    -0.50685
2.1    -0.641637
2.2    -0.780005
2.3    -0.920571
2.4    -1.06193
2.5    -1.20267
2.6    -1.34139
2.7    -1.47669
2.8    -1.60723
2.9    -1.73171
3    -1.84887
3.1    -1.95755
3.2    -2.05667
3.3    -2.14522
3.4    -2.22234
3.5    -2.28724
3.6    -2.33928
3.7    -2.37794
3.8    -2.40283
3.9    -2.4137
4    -2.41045
4.1    -2.3931
4.2    -2.36184
4.3    -2.31697
4.4    -2.25894
4.5    -2.18833
4.6    -2.10585
4.7    -2.01231
4.8    -1.90867
4.9    -1.79594
5    -1.67527
